name,position,org,location,region,posted_date,start_date,end_date,term_length,acts,remuneration,reappointed,oic,href,body,link
Annie Guitard,Commission Member,Post-Secondary Education Training and Labour,,nb,2020-01-16,2020-01-16,,3 years,,,False,OIC2020-002E,apt/nb/apt-nb-22a1ab31a0698b65745d46294bd836ab-OIC2020-002E*2020-01-16*Post-Secondary_Education_Training_and_Labour-2025-01-27T18:22:47,"2 JANUARY 16, 2020 2020-2 Under subsections 12(2} and 12(3} of the Human Rights Act, the Lieutenant-Governor in Council appoints the following persons as members of the New Brunswick Human Rights Commission, for a term of three years, effective January 16, 2020: (a} Annie Guitard, Balmoral, New Brunswick; and (b} Shelley Dumouchel, Fredericton, New Brunswick; Brenda L. Murphy Lieutenant-Governor This is to certify that the foregoing is a true copy of an Order of the Lieutenant-Governor in Council of the Je certifie que le document qui precede est une copie conforme d'un decret du lieutenant-gouverneur en conseil Province of New Brunswick, made on the de la province du Nouveau-Brunswick, pris le 16 January 2020. Deputy Secretary to Cabinet / Secretaire adjointe du Cabinet tea Son-)""#y",https://ijf-next-frontend-git-apt-ijf.vercel.app/appointments/e85e524da81570ea5278245d7b40906d
Cade Libby,member of the Board of Directors,Regional Development Corporation,,nb,2020-01-16,2020-01-16,,,,,False,OIC2020-018E,apt/nb/apt-nb-be46a3c3c28215ba029947ff38aac22d-OIC2020-018E*2020-01-16*Regional_Development_Corporation-2025-01-27T18:22:47,"18 JANUARY 16, 2020 2020-18 Under section 2 of the Regional Development Act, the 1. Lieutenant-Governor in Council appoints Cade Libby, Waasis, New Brunswick, as a member of the Board of Directors of the Regional Development Corporation, effective January 16, 2020. Under section 26 of the Interpretation Act, the Lieutenant- 2. Governor in Council revokes paragraph 1 (a) of Order in Council 2019-136 dated July 16, 2019. P0pr'% Brenda L. Murphy Lieutenant-Governor This is to certify that the foregoing is a true copy of an Order of the Lieutenant-Governor in Council of the Je certifie que le document qui precede est une copie conforme d'un decret du lieutenant-gouverneur en conseil Province of New Brunswick, made on the de la province du Nouveau-Brunswick, pris le 16 January 2020. Deputy Secretary to Cabinet / Secretaire adjointe du Cabinet sen- /lat&cc 6y",https://ijf-next-frontend-git-apt-ijf.vercel.app/appointments/0d404e8d8725322eac2fc9a650a09225
Debra Locke,ticket reviewer,Justice and Attorney General; Public Safety,,nb,2020-01-16,2020-03-02,,,,,False,OIC2020-007E,apt/nb/apt-nb-3cd5c4ca14da39dd2fd770e133a8fe3d-OIC2020-007E*2020-01-16*Justice_and_Attorney_General!_Public_Safety-2025-01-27T18:22:47,"7 JANUARY 16, 2020 2020-7 Under subsection 16.1(1) of the Provincial Offences Procedure 1. Act, as enacted by section 2 of An Act to Amend the Provincial Offences Procedure Act, Chapter 58 of the Acts of New Brunswick, 2017, the Lieutenant-Governor in Council appoints the following employees within the Justice Services Division of the Department of Justice and Office of the Attorney General, as ticket reviewers, effective March 2, 2020: (i) Debra Locke, Fredericton, New Brunswick; (ii) Maria Boone, Nackawic, New Brunswick; (iii) Jacquie St-Pierre, Fredericton, New Brunswick; (iv) Lisa Goodwin, Fredericton, New Brunswick; (v) Nathalie MacDonald, Fredericton, New Brunswick; and (vi) Stephanie Brousse, Fredericton, New Brunswick. Brenda L. Murphy Lie ute n ant-Governor This is to certify that the foregoing is a true copy of an Order of the Lieutenant-Governor in Council of the Je certifie que le document qui precede est une copie conforme d'un decret du lieutenant-gouverneur en conseil Province of New Brunswick, made on the de la province du Nouveau-Brunswick, pris le 16 January 2020. Deputy Secretary to Cabinet / Secretaire adjointe du Cabinet bo»- /Jot. wk{y9",https://ijf-next-frontend-git-apt-ijf.vercel.app/appointments/b4aa96bdfc532689353cac98ac5fbfd1
Ernie Steeves,Minister of Finance and Treasury Board,Executive Council Office,,nb,2020-01-16,2019-04-01,,,,,False,OIC2020-017E,apt/nb/apt-nb-b33eedb07755317a72647d80f98e2f1a-OIC2020-017E*2020-01-16*Executive_Council_Office-2025-01-27T18:22:47,"17 JANUARY 16, 2020 2020-17 1. Under section 2 of the Executive Council Act, the Lieutenant- Governor in Council appoints under the Great Seal of the Province, from among the members ofthe Executive Council, the Honourable Ernie Steeves as Minister of Finance and Treasury Board, effective April 1, 2019. 2. Under section 2 of the Executive Council Act, the Lieutenant- Governor in Council appoints under the Great Seal of the Province, from among the members of the Executive Council, the Honourable Michael Holland as Minister of Natural Resources and Energy Development, effective October 3, 2019. Brenda L. Murphy Lieutenant-Governor This is to certify that the foregoing is a true copy of an Order of the Lieutenant-Governor in Council of the Je certifie que le document qui precede est une copie conforme d'un decret du lieutenant-gouverneur en conseil Province of New Brunswick, made on the de la province du Nouveau-Brunswick, pris le 16 January 2020. cw2'",https://ijf-next-frontend-git-apt-ijf.vercel.app/appointments/7381b121d5f2b1441ecbed1a7b92a2fe
Jacquie St-Pierre,ticket reviewer,Justice and Attorney General; Public Safety,,nb,2020-01-16,2020-03-02,,,,,False,OIC2020-007E,apt/nb/apt-nb-3cd5c4ca14da39dd2fd770e133a8fe3d-OIC2020-007E*2020-01-16*Justice_and_Attorney_General!_Public_Safety-2025-01-27T18:22:47,"7 JANUARY 16, 2020 2020-7 Under subsection 16.1(1) of the Provincial Offences Procedure 1. Act, as enacted by section 2 of An Act to Amend the Provincial Offences Procedure Act, Chapter 58 of the Acts of New Brunswick, 2017, the Lieutenant-Governor in Council appoints the following employees within the Justice Services Division of the Department of Justice and Office of the Attorney General, as ticket reviewers, effective March 2, 2020: (i) Debra Locke, Fredericton, New Brunswick; (ii) Maria Boone, Nackawic, New Brunswick; (iii) Jacquie St-Pierre, Fredericton, New Brunswick; (iv) Lisa Goodwin, Fredericton, New Brunswick; (v) Nathalie MacDonald, Fredericton, New Brunswick; and (vi) Stephanie Brousse, Fredericton, New Brunswick. Brenda L. Murphy Lie ute n ant-Governor This is to certify that the foregoing is a true copy of an Order of the Lieutenant-Governor in Council of the Je certifie que le document qui precede est une copie conforme d'un decret du lieutenant-gouverneur en conseil Province of New Brunswick, made on the de la province du Nouveau-Brunswick, pris le 16 January 2020. Deputy Secretary to Cabinet / Secretaire adjointe du Cabinet bo»- /Jot. wk{y9",https://ijf-next-frontend-git-apt-ijf.vercel.app/appointments/fd1725ec6473f73233cf3a41f3e1fe5b
Lisa Goodwin,ticket reviewer,Justice and Attorney General; Public Safety,,nb,2020-01-16,2020-03-02,,,,,False,OIC2020-007E,apt/nb/apt-nb-3cd5c4ca14da39dd2fd770e133a8fe3d-OIC2020-007E*2020-01-16*Justice_and_Attorney_General!_Public_Safety-2025-01-27T18:22:47,"7 JANUARY 16, 2020 2020-7 Under subsection 16.1(1) of the Provincial Offences Procedure 1. Act, as enacted by section 2 of An Act to Amend the Provincial Offences Procedure Act, Chapter 58 of the Acts of New Brunswick, 2017, the Lieutenant-Governor in Council appoints the following employees within the Justice Services Division of the Department of Justice and Office of the Attorney General, as ticket reviewers, effective March 2, 2020: (i) Debra Locke, Fredericton, New Brunswick; (ii) Maria Boone, Nackawic, New Brunswick; (iii) Jacquie St-Pierre, Fredericton, New Brunswick; (iv) Lisa Goodwin, Fredericton, New Brunswick; (v) Nathalie MacDonald, Fredericton, New Brunswick; and (vi) Stephanie Brousse, Fredericton, New Brunswick. Brenda L. Murphy Lie ute n ant-Governor This is to certify that the foregoing is a true copy of an Order of the Lieutenant-Governor in Council of the Je certifie que le document qui precede est une copie conforme d'un decret du lieutenant-gouverneur en conseil Province of New Brunswick, made on the de la province du Nouveau-Brunswick, pris le 16 January 2020. Deputy Secretary to Cabinet / Secretaire adjointe du Cabinet bo»- /Jot. wk{y9",https://ijf-next-frontend-git-apt-ijf.vercel.app/appointments/a1ea82b3db63e71f45c5d03d5598ca04
Maria Boone,ticket reviewer,Justice and Attorney General; Public Safety,,nb,2020-01-16,2020-03-02,,,,,False,OIC2020-007E,apt/nb/apt-nb-3cd5c4ca14da39dd2fd770e133a8fe3d-OIC2020-007E*2020-01-16*Justice_and_Attorney_General!_Public_Safety-2025-01-27T18:22:47,"7 JANUARY 16, 2020 2020-7 Under subsection 16.1(1) of the Provincial Offences Procedure 1. Act, as enacted by section 2 of An Act to Amend the Provincial Offences Procedure Act, Chapter 58 of the Acts of New Brunswick, 2017, the Lieutenant-Governor in Council appoints the following employees within the Justice Services Division of the Department of Justice and Office of the Attorney General, as ticket reviewers, effective March 2, 2020: (i) Debra Locke, Fredericton, New Brunswick; (ii) Maria Boone, Nackawic, New Brunswick; (iii) Jacquie St-Pierre, Fredericton, New Brunswick; (iv) Lisa Goodwin, Fredericton, New Brunswick; (v) Nathalie MacDonald, Fredericton, New Brunswick; and (vi) Stephanie Brousse, Fredericton, New Brunswick. Brenda L. Murphy Lie ute n ant-Governor This is to certify that the foregoing is a true copy of an Order of the Lieutenant-Governor in Council of the Je certifie que le document qui precede est une copie conforme d'un decret du lieutenant-gouverneur en conseil Province of New Brunswick, made on the de la province du Nouveau-Brunswick, pris le 16 January 2020. Deputy Secretary to Cabinet / Secretaire adjointe du Cabinet bo»- /Jot. wk{y9",https://ijf-next-frontend-git-apt-ijf.vercel.app/appointments/e260d37f9da1c686bc2de4ca4e31f9d1
Michael Holland,Minister of Natural Resources and Energy Development,Executive Council Office,,nb,2020-01-16,2019-10-03,,,,,False,OIC2020-017E,apt/nb/apt-nb-b33eedb07755317a72647d80f98e2f1a-OIC2020-017E*2020-01-16*Executive_Council_Office-2025-01-27T18:22:47,"17 JANUARY 16, 2020 2020-17 1. Under section 2 of the Executive Council Act, the Lieutenant- Governor in Council appoints under the Great Seal of the Province, from among the members ofthe Executive Council, the Honourable Ernie Steeves as Minister of Finance and Treasury Board, effective April 1, 2019. 2. Under section 2 of the Executive Council Act, the Lieutenant- Governor in Council appoints under the Great Seal of the Province, from among the members of the Executive Council, the Honourable Michael Holland as Minister of Natural Resources and Energy Development, effective October 3, 2019. Brenda L. Murphy Lieutenant-Governor This is to certify that the foregoing is a true copy of an Order of the Lieutenant-Governor in Council of the Je certifie que le document qui precede est une copie conforme d'un decret du lieutenant-gouverneur en conseil Province of New Brunswick, made on the de la province du Nouveau-Brunswick, pris le 16 January 2020. cw2'",https://ijf-next-frontend-git-apt-ijf.vercel.app/appointments/2e9ddf21f2e00d0d5acc842480ac26ec
Nathalie MacDonald,ticket reviewer,Justice and Attorney General; Public Safety,,nb,2020-01-16,2020-03-02,,,,,False,OIC2020-007E,apt/nb/apt-nb-3cd5c4ca14da39dd2fd770e133a8fe3d-OIC2020-007E*2020-01-16*Justice_and_Attorney_General!_Public_Safety-2025-01-27T18:22:47,"7 JANUARY 16, 2020 2020-7 Under subsection 16.1(1) of the Provincial Offences Procedure 1. Act, as enacted by section 2 of An Act to Amend the Provincial Offences Procedure Act, Chapter 58 of the Acts of New Brunswick, 2017, the Lieutenant-Governor in Council appoints the following employees within the Justice Services Division of the Department of Justice and Office of the Attorney General, as ticket reviewers, effective March 2, 2020: (i) Debra Locke, Fredericton, New Brunswick; (ii) Maria Boone, Nackawic, New Brunswick; (iii) Jacquie St-Pierre, Fredericton, New Brunswick; (iv) Lisa Goodwin, Fredericton, New Brunswick; (v) Nathalie MacDonald, Fredericton, New Brunswick; and (vi) Stephanie Brousse, Fredericton, New Brunswick. Brenda L. Murphy Lie ute n ant-Governor This is to certify that the foregoing is a true copy of an Order of the Lieutenant-Governor in Council of the Je certifie que le document qui precede est une copie conforme d'un decret du lieutenant-gouverneur en conseil Province of New Brunswick, made on the de la province du Nouveau-Brunswick, pris le 16 January 2020. Deputy Secretary to Cabinet / Secretaire adjointe du Cabinet bo»- /Jot. wk{y9",https://ijf-next-frontend-git-apt-ijf.vercel.app/appointments/cfbcea6f991d7dc68780c6107478069c
Shelley Dumouchel,Commission Member,Post-Secondary Education Training and Labour,,nb,2020-01-16,2020-01-16,,3 years,,,False,OIC2020-002E,apt/nb/apt-nb-22a1ab31a0698b65745d46294bd836ab-OIC2020-002E*2020-01-16*Post-Secondary_Education_Training_and_Labour-2025-01-27T18:22:47,"2 JANUARY 16, 2020 2020-2 Under subsections 12(2} and 12(3} of the Human Rights Act, the Lieutenant-Governor in Council appoints the following persons as members of the New Brunswick Human Rights Commission, for a term of three years, effective January 16, 2020: (a} Annie Guitard, Balmoral, New Brunswick; and (b} Shelley Dumouchel, Fredericton, New Brunswick; Brenda L. Murphy Lieutenant-Governor This is to certify that the foregoing is a true copy of an Order of the Lieutenant-Governor in Council of the Je certifie que le document qui precede est une copie conforme d'un decret du lieutenant-gouverneur en conseil Province of New Brunswick, made on the de la province du Nouveau-Brunswick, pris le 16 January 2020. Deputy Secretary to Cabinet / Secretaire adjointe du Cabinet tea Son-)""#y",https://ijf-next-frontend-git-apt-ijf.vercel.app/appointments/f2c80282d93adc26bffc4d263917e8c5
Stephanie Brousse,ticket reviewer,Justice and Attorney General; Public Safety,,nb,2020-01-16,2020-03-02,,,,,False,OIC2020-007E,apt/nb/apt-nb-3cd5c4ca14da39dd2fd770e133a8fe3d-OIC2020-007E*2020-01-16*Justice_and_Attorney_General!_Public_Safety-2025-01-27T18:22:47,"7 JANUARY 16, 2020 2020-7 Under subsection 16.1(1) of the Provincial Offences Procedure 1. Act, as enacted by section 2 of An Act to Amend the Provincial Offences Procedure Act, Chapter 58 of the Acts of New Brunswick, 2017, the Lieutenant-Governor in Council appoints the following employees within the Justice Services Division of the Department of Justice and Office of the Attorney General, as ticket reviewers, effective March 2, 2020: (i) Debra Locke, Fredericton, New Brunswick; (ii) Maria Boone, Nackawic, New Brunswick; (iii) Jacquie St-Pierre, Fredericton, New Brunswick; (iv) Lisa Goodwin, Fredericton, New Brunswick; (v) Nathalie MacDonald, Fredericton, New Brunswick; and (vi) Stephanie Brousse, Fredericton, New Brunswick. Brenda L. Murphy Lie ute n ant-Governor This is to certify that the foregoing is a true copy of an Order of the Lieutenant-Governor in Council of the Je certifie que le document qui precede est une copie conforme d'un decret du lieutenant-gouverneur en conseil Province of New Brunswick, made on the de la province du Nouveau-Brunswick, pris le 16 January 2020. Deputy Secretary to Cabinet / Secretaire adjointe du Cabinet bo»- /Jot. wk{y9",https://ijf-next-frontend-git-apt-ijf.vercel.app/appointments/f0d21dedb0baf2a0f9b7270e4b78dbdf
Yennah Hurley,Acting Deputy Minister,Executive Council Office,,nb,2020-01-16,2020-01-13,,,,,False,OIC2020-016E,apt/nb/apt-nb-14a8ee757e77bb3c16fd02224221ceb2-OIC2020-016E*2020-01-16*Executive_Council_Office-2025-01-27T18:22:47,"16 JANUARY 16, 2020 2020-16 1. Under section 3 of the Civil Service Act and section 27 of the Interpretation Act, the Lieutenant-Governor in Council appoints Yennah Hurley as Acting Deputy Minister of Tourism, Heritage and Culture, effective January 13, 2020. 2. Under section 3 of the Civil Service Act and section 26 of the Interpretation Act, the Lieutenant-Governor in Council revokes section 1 of Order in Council 2019-50A dated March 21, 2019. Brenda L. Murphy Lieutenant-Governor This is to certify that the foregoing is a true copy of an Order of the Lieutenant-Governor in Council of the Je certifie que le document qui precede est une copie conforme d'un decret du lieutenant-gouverneur en conseil Province of New Brunswick, made on the de la province du Nouveau-Brunswick, pris le 16 January 2020. Deputy Secretary to Cabinet / Secretaire adjointe du Cabinet 1htec hon 0&y0",https://ijf-next-frontend-git-apt-ijf.vercel.app/appointments/d204e1800bb2914a0dff5e0388bda1a2
Amy Pidt,member,"Tourism, Heritage and Culture",,nb,2020-01-30,2020-05-04,,3 years,,,True,OIC2020-021E,"apt/nb/apt-nb-fccd5d044db6fa80c157b49683a01391-OIC2020-021E*2020-01-30*Tourism,_Heritage_and_Culture-2025-01-27T18:22:47","21 JANUARY 30, 2020 2020-21 Under subsections 8(1) and 9(1) of the Combat Sport Act, the Lieutenant-Governor in Council reappoints Amy Pidt, Riverview, New Brunswick, as a member of the New Brunswick Combat Sport Commission, for a term of three years, effective May 4, 2020. Brenda L. Murphy Lieutenant-Governor This is to certify that the foregoing is a true copy of an Order of the Lieutenant-Governor in Council of the Je certifie que le document qui precede est une copie conforme d'un decret du lieutenant-gouverneur en conseil Province of New Brunswick, made on the de la province du Nouveau-Brunswick, pris le 30 January 2020.",https://ijf-next-frontend-git-apt-ijf.vercel.app/appointments/8a28456d1511e58713de953c0159bf84
Cedric Laverdure,member of the Board of Directors,Finance and Treasury Board,,nb,2020-01-30,2020-01-30,,3 years,,,False,OIC2020-027E,apt/nb/apt-nb-179da3934cfdc69f5ae806322e410e82-OIC2020-027E*2020-01-30*Finance_and_Treasury_Board-2025-01-27T18:22:47,"27 JANUARY 30, 2020 2020-27 1. Under paragraph 6(1)(b) and subsection 6(2) of the New Brunswick Liquor Corporation Act, the Lieutenant-Governor in Council reappoints Joanne Berube Gagne, Edmundston, New Brunswick, as a member of the Board of Directors ofthe New Brunswick Liquor Corporation, effective January 30, 2020, for a term ending September 30, 2022. 2. Under paragraph 6(1 )(b) and subsection 6(2) of the New Brunswick Liquor Corporation Act, the Lieutenant-Governor in Council appoints the following persons as members of the Board of Directors of the New Brunswick Liquor Corporation, effective January 30, 2020: (a) Kathryn Craig, Saint John, New Brunswick, for a term of two years; (b) Kevin Berry, Hillsborough, New Brunswick, for a term of two years; (c) L. Paul Elliot, Fredericton, New Brunswick, for a term of three years; and (d) Cedric Laverdure, Caraquet, New Brunswick, for a term of three years. 3. Under paragraph 6(1 )(b) and subsection 6(6) of the New Brunswick Liquor Corporation Act, the Lieutenant-Governor in Council reappoints John Correia as a member and appoints him as chair of the Board of the Board of Directors of the New Brunswick Liquor Corporation, for a term of five years, effective January 30, 2020. Brenda L. Murph Lieutenant-Governor This is to certify that the foregoing is a true copy of an Order of the Lieutenant-Governor in Council of the Je certifie que le document qui precede est une copie conforme d'un decret du lieutenant-gouverneur en conseil Province of New Brunswick, made on the de la province du Nouveau-Brunswick, pris le 30 January 2020.",https://ijf-next-frontend-git-apt-ijf.vercel.app/appointments/541386366db98a877b699224a9f7a3be
Danie Roy,alternate chair,Health,,nb,2020-01-30,2020-02-03,,5 years,,,True,OIC2020-019E,apt/nb/apt-nb-28a8c1c664d1ff2d8d93517db02817ea-OIC2020-019E*2020-01-30*Health-2025-01-27T18:22:47,"19 JANUARY 30, 2020 2020-19 Under subsection 7 .5(1) of the Mental Health Act and 1. subsections 8(3) and 8(4) of New Brunswick Regulation 94-33, the General Regulation - Mental Health Act, the Lieutenant-Governor in Council reappoints Danie Roy, Moncton, New Brunswick, as alternate chair of the Mental Health Tribunal for the South (zones 1, 2, 3 and 7) for a term of five years, effective February 3, 2020. Under subsection 7.5(1) and subsections 8(1) and 8(4) of New 2. Brunswick Regulation 94-33, the General Regulation - Mental Health Act, the Lieutenant-Governor in Council reappoints Marc Roy, Pacquetteville, New Brunswick, as Chair of the Mental Health Tribunal for the North (zone 6) for a term of five years, effective May 24, 2020. 3. Under subsection 30(1) of the Mental Health Act and paragraph 17.2(1 )(b) of New Brunswick Regulation 94-33, the General Regulation - Mental Health Act, the Lieutenant-Governor in Council reappoints Dr. Jerome Doucet, Lutes Mountain, New Brunswick, as psychiatrist member of the Mental Health Review Board for the South (zones 1, 2, 3 and 7) for a term of five years, effective May 18, 2020. o.A/ Brenda L. Murphy Lieutenant-Governor This is to certify that the foregoing is a true copy of an Order of the Lieutenant-Governor in Council of the Je certifie que le document qui precede est une copie conforme d'un decret du lieutenant-gouverneur en conseil Province of New Brunswick, made on the de la province du Nouveau-Brunswick, pris le 30 January 2020.",https://ijf-next-frontend-git-apt-ijf.vercel.app/appointments/a2d3de9f7310e2e9c3d0f3a6eb7e818b
Jerome Doucet,psychiatrist member,Health,,nb,2020-01-30,2020-05-18,,5 years,,,True,OIC2020-019E,apt/nb/apt-nb-28a8c1c664d1ff2d8d93517db02817ea-OIC2020-019E*2020-01-30*Health-2025-01-27T18:22:47,"19 JANUARY 30, 2020 2020-19 Under subsection 7 .5(1) of the Mental Health Act and 1. subsections 8(3) and 8(4) of New Brunswick Regulation 94-33, the General Regulation - Mental Health Act, the Lieutenant-Governor in Council reappoints Danie Roy, Moncton, New Brunswick, as alternate chair of the Mental Health Tribunal for the South (zones 1, 2, 3 and 7) for a term of five years, effective February 3, 2020. Under subsection 7.5(1) and subsections 8(1) and 8(4) of New 2. Brunswick Regulation 94-33, the General Regulation - Mental Health Act, the Lieutenant-Governor in Council reappoints Marc Roy, Pacquetteville, New Brunswick, as Chair of the Mental Health Tribunal for the North (zone 6) for a term of five years, effective May 24, 2020. 3. Under subsection 30(1) of the Mental Health Act and paragraph 17.2(1 )(b) of New Brunswick Regulation 94-33, the General Regulation - Mental Health Act, the Lieutenant-Governor in Council reappoints Dr. Jerome Doucet, Lutes Mountain, New Brunswick, as psychiatrist member of the Mental Health Review Board for the South (zones 1, 2, 3 and 7) for a term of five years, effective May 18, 2020. o.A/ Brenda L. Murphy Lieutenant-Governor This is to certify that the foregoing is a true copy of an Order of the Lieutenant-Governor in Council of the Je certifie que le document qui precede est une copie conforme d'un decret du lieutenant-gouverneur en conseil Province of New Brunswick, made on the de la province du Nouveau-Brunswick, pris le 30 January 2020.",https://ijf-next-frontend-git-apt-ijf.vercel.app/appointments/ac130fbdf20af93419ea987b4a73c77b
Joanne Berube Gagne,member of the Board of Directors,Finance and Treasury Board,,nb,2020-01-30,2020-01-30,2022-09-30,2 years and 8 months,,,True,OIC2020-027E,apt/nb/apt-nb-179da3934cfdc69f5ae806322e410e82-OIC2020-027E*2020-01-30*Finance_and_Treasury_Board-2025-01-27T18:22:47,"27 JANUARY 30, 2020 2020-27 1. Under paragraph 6(1)(b) and subsection 6(2) of the New Brunswick Liquor Corporation Act, the Lieutenant-Governor in Council reappoints Joanne Berube Gagne, Edmundston, New Brunswick, as a member of the Board of Directors ofthe New Brunswick Liquor Corporation, effective January 30, 2020, for a term ending September 30, 2022. 2. Under paragraph 6(1 )(b) and subsection 6(2) of the New Brunswick Liquor Corporation Act, the Lieutenant-Governor in Council appoints the following persons as members of the Board of Directors of the New Brunswick Liquor Corporation, effective January 30, 2020: (a) Kathryn Craig, Saint John, New Brunswick, for a term of two years; (b) Kevin Berry, Hillsborough, New Brunswick, for a term of two years; (c) L. Paul Elliot, Fredericton, New Brunswick, for a term of three years; and (d) Cedric Laverdure, Caraquet, New Brunswick, for a term of three years. 3. Under paragraph 6(1 )(b) and subsection 6(6) of the New Brunswick Liquor Corporation Act, the Lieutenant-Governor in Council reappoints John Correia as a member and appoints him as chair of the Board of the Board of Directors of the New Brunswick Liquor Corporation, for a term of five years, effective January 30, 2020. Brenda L. Murph Lieutenant-Governor This is to certify that the foregoing is a true copy of an Order of the Lieutenant-Governor in Council of the Je certifie que le document qui precede est une copie conforme d'un decret du lieutenant-gouverneur en conseil Province of New Brunswick, made on the de la province du Nouveau-Brunswick, pris le 30 January 2020.",https://ijf-next-frontend-git-apt-ijf.vercel.app/appointments/8c73a68587ee2dd4841ddacfe4f044d9
John Correia,chair of the Board of Directors,Finance and Treasury Board,,nb,2020-01-30,2020-01-30,,5 years,,,True,OIC2020-027E,apt/nb/apt-nb-179da3934cfdc69f5ae806322e410e82-OIC2020-027E*2020-01-30*Finance_and_Treasury_Board-2025-01-27T18:22:47,"27 JANUARY 30, 2020 2020-27 1. Under paragraph 6(1)(b) and subsection 6(2) of the New Brunswick Liquor Corporation Act, the Lieutenant-Governor in Council reappoints Joanne Berube Gagne, Edmundston, New Brunswick, as a member of the Board of Directors ofthe New Brunswick Liquor Corporation, effective January 30, 2020, for a term ending September 30, 2022. 2. Under paragraph 6(1 )(b) and subsection 6(2) of the New Brunswick Liquor Corporation Act, the Lieutenant-Governor in Council appoints the following persons as members of the Board of Directors of the New Brunswick Liquor Corporation, effective January 30, 2020: (a) Kathryn Craig, Saint John, New Brunswick, for a term of two years; (b) Kevin Berry, Hillsborough, New Brunswick, for a term of two years; (c) L. Paul Elliot, Fredericton, New Brunswick, for a term of three years; and (d) Cedric Laverdure, Caraquet, New Brunswick, for a term of three years. 3. Under paragraph 6(1 )(b) and subsection 6(6) of the New Brunswick Liquor Corporation Act, the Lieutenant-Governor in Council reappoints John Correia as a member and appoints him as chair of the Board of the Board of Directors of the New Brunswick Liquor Corporation, for a term of five years, effective January 30, 2020. Brenda L. Murph Lieutenant-Governor This is to certify that the foregoing is a true copy of an Order of the Lieutenant-Governor in Council of the Je certifie que le document qui precede est une copie conforme d'un decret du lieutenant-gouverneur en conseil Province of New Brunswick, made on the de la province du Nouveau-Brunswick, pris le 30 January 2020.",https://ijf-next-frontend-git-apt-ijf.vercel.app/appointments/60cc7400e8e9f3b9ea4fefe139daac09
Kathryn Craig,member of the Board of Directors,Finance and Treasury Board,,nb,2020-01-30,2020-01-30,,2 years,,,False,OIC2020-027E,apt/nb/apt-nb-179da3934cfdc69f5ae806322e410e82-OIC2020-027E*2020-01-30*Finance_and_Treasury_Board-2025-01-27T18:22:47,"27 JANUARY 30, 2020 2020-27 1. Under paragraph 6(1)(b) and subsection 6(2) of the New Brunswick Liquor Corporation Act, the Lieutenant-Governor in Council reappoints Joanne Berube Gagne, Edmundston, New Brunswick, as a member of the Board of Directors ofthe New Brunswick Liquor Corporation, effective January 30, 2020, for a term ending September 30, 2022. 2. Under paragraph 6(1 )(b) and subsection 6(2) of the New Brunswick Liquor Corporation Act, the Lieutenant-Governor in Council appoints the following persons as members of the Board of Directors of the New Brunswick Liquor Corporation, effective January 30, 2020: (a) Kathryn Craig, Saint John, New Brunswick, for a term of two years; (b) Kevin Berry, Hillsborough, New Brunswick, for a term of two years; (c) L. Paul Elliot, Fredericton, New Brunswick, for a term of three years; and (d) Cedric Laverdure, Caraquet, New Brunswick, for a term of three years. 3. Under paragraph 6(1 )(b) and subsection 6(6) of the New Brunswick Liquor Corporation Act, the Lieutenant-Governor in Council reappoints John Correia as a member and appoints him as chair of the Board of the Board of Directors of the New Brunswick Liquor Corporation, for a term of five years, effective January 30, 2020. Brenda L. Murph Lieutenant-Governor This is to certify that the foregoing is a true copy of an Order of the Lieutenant-Governor in Council of the Je certifie que le document qui precede est une copie conforme d'un decret du lieutenant-gouverneur en conseil Province of New Brunswick, made on the de la province du Nouveau-Brunswick, pris le 30 January 2020.",https://ijf-next-frontend-git-apt-ijf.vercel.app/appointments/80f1983aa7f9f2d1e8e13ca498741821
Kevin Berry,member of the Board of Directors,Finance and Treasury Board,,nb,2020-01-30,2020-01-30,,2 years,,,False,OIC2020-027E,apt/nb/apt-nb-179da3934cfdc69f5ae806322e410e82-OIC2020-027E*2020-01-30*Finance_and_Treasury_Board-2025-01-27T18:22:47,"27 JANUARY 30, 2020 2020-27 1. Under paragraph 6(1)(b) and subsection 6(2) of the New Brunswick Liquor Corporation Act, the Lieutenant-Governor in Council reappoints Joanne Berube Gagne, Edmundston, New Brunswick, as a member of the Board of Directors ofthe New Brunswick Liquor Corporation, effective January 30, 2020, for a term ending September 30, 2022. 2. Under paragraph 6(1 )(b) and subsection 6(2) of the New Brunswick Liquor Corporation Act, the Lieutenant-Governor in Council appoints the following persons as members of the Board of Directors of the New Brunswick Liquor Corporation, effective January 30, 2020: (a) Kathryn Craig, Saint John, New Brunswick, for a term of two years; (b) Kevin Berry, Hillsborough, New Brunswick, for a term of two years; (c) L. Paul Elliot, Fredericton, New Brunswick, for a term of three years; and (d) Cedric Laverdure, Caraquet, New Brunswick, for a term of three years. 3. Under paragraph 6(1 )(b) and subsection 6(6) of the New Brunswick Liquor Corporation Act, the Lieutenant-Governor in Council reappoints John Correia as a member and appoints him as chair of the Board of the Board of Directors of the New Brunswick Liquor Corporation, for a term of five years, effective January 30, 2020. Brenda L. Murph Lieutenant-Governor This is to certify that the foregoing is a true copy of an Order of the Lieutenant-Governor in Council of the Je certifie que le document qui precede est une copie conforme d'un decret du lieutenant-gouverneur en conseil Province of New Brunswick, made on the de la province du Nouveau-Brunswick, pris le 30 January 2020.",https://ijf-next-frontend-git-apt-ijf.vercel.app/appointments/88df3ead8210ba75833fc78985ee40c8
L. Paul Elliot,member of the Board of Directors,Finance and Treasury Board,,nb,2020-01-30,2020-01-30,,3 years,,,False,OIC2020-027E,apt/nb/apt-nb-179da3934cfdc69f5ae806322e410e82-OIC2020-027E*2020-01-30*Finance_and_Treasury_Board-2025-01-27T18:22:47,"27 JANUARY 30, 2020 2020-27 1. Under paragraph 6(1)(b) and subsection 6(2) of the New Brunswick Liquor Corporation Act, the Lieutenant-Governor in Council reappoints Joanne Berube Gagne, Edmundston, New Brunswick, as a member of the Board of Directors ofthe New Brunswick Liquor Corporation, effective January 30, 2020, for a term ending September 30, 2022. 2. Under paragraph 6(1 )(b) and subsection 6(2) of the New Brunswick Liquor Corporation Act, the Lieutenant-Governor in Council appoints the following persons as members of the Board of Directors of the New Brunswick Liquor Corporation, effective January 30, 2020: (a) Kathryn Craig, Saint John, New Brunswick, for a term of two years; (b) Kevin Berry, Hillsborough, New Brunswick, for a term of two years; (c) L. Paul Elliot, Fredericton, New Brunswick, for a term of three years; and (d) Cedric Laverdure, Caraquet, New Brunswick, for a term of three years. 3. Under paragraph 6(1 )(b) and subsection 6(6) of the New Brunswick Liquor Corporation Act, the Lieutenant-Governor in Council reappoints John Correia as a member and appoints him as chair of the Board of the Board of Directors of the New Brunswick Liquor Corporation, for a term of five years, effective January 30, 2020. Brenda L. Murph Lieutenant-Governor This is to certify that the foregoing is a true copy of an Order of the Lieutenant-Governor in Council of the Je certifie que le document qui precede est une copie conforme d'un decret du lieutenant-gouverneur en conseil Province of New Brunswick, made on the de la province du Nouveau-Brunswick, pris le 30 January 2020.",https://ijf-next-frontend-git-apt-ijf.vercel.app/appointments/532d3b50ee70653e73089320297734ac
Marc Roy,Chair,Health,,nb,2020-01-30,2020-05-24,,5 years,,,True,OIC2020-019E,apt/nb/apt-nb-28a8c1c664d1ff2d8d93517db02817ea-OIC2020-019E*2020-01-30*Health-2025-01-27T18:22:47,"19 JANUARY 30, 2020 2020-19 Under subsection 7 .5(1) of the Mental Health Act and 1. subsections 8(3) and 8(4) of New Brunswick Regulation 94-33, the General Regulation - Mental Health Act, the Lieutenant-Governor in Council reappoints Danie Roy, Moncton, New Brunswick, as alternate chair of the Mental Health Tribunal for the South (zones 1, 2, 3 and 7) for a term of five years, effective February 3, 2020. Under subsection 7.5(1) and subsections 8(1) and 8(4) of New 2. Brunswick Regulation 94-33, the General Regulation - Mental Health Act, the Lieutenant-Governor in Council reappoints Marc Roy, Pacquetteville, New Brunswick, as Chair of the Mental Health Tribunal for the North (zone 6) for a term of five years, effective May 24, 2020. 3. Under subsection 30(1) of the Mental Health Act and paragraph 17.2(1 )(b) of New Brunswick Regulation 94-33, the General Regulation - Mental Health Act, the Lieutenant-Governor in Council reappoints Dr. Jerome Doucet, Lutes Mountain, New Brunswick, as psychiatrist member of the Mental Health Review Board for the South (zones 1, 2, 3 and 7) for a term of five years, effective May 18, 2020. o.A/ Brenda L. Murphy Lieutenant-Governor This is to certify that the foregoing is a true copy of an Order of the Lieutenant-Governor in Council of the Je certifie que le document qui precede est une copie conforme d'un decret du lieutenant-gouverneur en conseil Province of New Brunswick, made on the de la province du Nouveau-Brunswick, pris le 30 January 2020.",https://ijf-next-frontend-git-apt-ijf.vercel.app/appointments/9cfc98b205d9539ab36430f0ef23743b
Marilyn Luscombe,member of the Board of Directors,Justice and Attorney General,,nb,2020-01-30,2020-01-30,,3 years,,,False,OIC2020-020E,apt/nb/apt-nb-155cb804d7938e26f7ac70065cd9e664-OIC2020-020E*2020-01-30*Justice_and_Attorney_General-2025-01-27T18:22:47,"20 JANUARY 30, 2020 2020-20 1. Under subparagraph 4(1 )(c)(i) and subsection 4(2) of the Legal Aid Act, the Lieutenant-Governor in Council, on the recommendation of the Minister of Justice, appoints the following persons as members to the Board of Directors of the New Brunswick Legal Aid Services Commission, for a term of three years, effective January 30, 2020: (a) Scott Miller, Cocagne, New Brunswick; and (b} Marilyn Luscombe, Fredericton, New Brunswick. 2. Under subsection 4(8) of the Legal Aid Act, the Lieutenant- Governor in Council revokes paragraph (b) of Order in Council 2015-69 dated April 2, 2015. 3. Under subparagraph 4(1)(c)(i) of the Legal Aid Act and section 26 of the Interpretation Act, the Lieutenant-Governor in Council revokes Order in Council 2016-178 dated July 12, 2016. Brenda L. Murphy Lieutenant-Governor This is to certify that the foregoing is a true copy of an Order of the Lieutenant-Governor in Council of the Je certifie que le document qui precede est une copie conforme d'un decret du lieutenant-gouverneur en conseil Province of New Brunswick, made on the de la province du Nouveau-Brunswick, pris le 30 January 2020. Deputy Secretary to Cabinet / Secretaire adjointe du Cabinet nay (Pata.",https://ijf-next-frontend-git-apt-ijf.vercel.app/appointments/dcd882d38100274a0ef803cd88eda6e5
Rene Boudreau,member,Finance and Treasury Board,,nb,2020-01-30,2020-01-30,,,,,False,OIC2020-022E,apt/nb/apt-nb-e73dc217355489a13d26d66286fdc322-OIC2020-022E*2020-01-30*Finance_and_Treasury_Board-2025-01-27T18:22:47,"22 JANUARY 30, 2020 2020-22 Under subsection 10(1) of the Gaming Control Act, the Lieutenant-Governor in Council appoints Rene Boudreau, Fredericton, New Brunswick, as a member of the New Brunswick Lotteries and Gaming Corporation, effective January 30, 2020. -+ 'B.4 Brenda L. Murphy Lieutenant-Governor This is to certify that the foregoing is a true copy of an Order of the Lieutenant-Governor in Council of the Je certifie que le document qui precede est une copie conforme d'un decret du lieutenant-gouverneur en conseil Province of New Brunswick, made on the de la province du Nouveau-Brunswick, pris le 30 January 2020.",https://ijf-next-frontend-git-apt-ijf.vercel.app/appointments/e0448a200c6195bd66ce41b9f17bc42f
Sadie Perron,Deputy Minister of Economic Development and Small Business,Executive Council Office,,nb,2020-01-30,,,,,,False,OIC2020-028E,apt/nb/apt-nb-93fee6793365e537b904587d5d8680e1-OIC2020-028E*2020-01-30*Executive_Council_Office-2025-01-27T18:22:47,"28 JANUARY 30, 2020 2020-28 Under section 3 of the Civil Service Act, the Lieutenant Governor in Council appoints Sadie Perron, Fredericton, New Brunswick, as Deputy Minister of Economic Development and Small Business. ©9-ry Brenda L. Murphy Lieutenant-Governor This is to certify that the foregoing is a true copy of an Order of the Lieutenant-Governor in Council of the Je certifie que le document qui precede est une copie conforme d'un decret du lieutenant-gouverneur en conseil Province of New Brunswick, made on the 30 January 2020. de la province du Nouveau-Brunswick, pris le",https://ijf-next-frontend-git-apt-ijf.vercel.app/appointments/074c485b2e28d8682711a6c0db3fc51d
Scott Miller,member of the Board of Directors,Justice and Attorney General,,nb,2020-01-30,2020-01-30,,3 years,,,False,OIC2020-020E,apt/nb/apt-nb-155cb804d7938e26f7ac70065cd9e664-OIC2020-020E*2020-01-30*Justice_and_Attorney_General-2025-01-27T18:22:47,"20 JANUARY 30, 2020 2020-20 1. Under subparagraph 4(1 )(c)(i) and subsection 4(2) of the Legal Aid Act, the Lieutenant-Governor in Council, on the recommendation of the Minister of Justice, appoints the following persons as members to the Board of Directors of the New Brunswick Legal Aid Services Commission, for a term of three years, effective January 30, 2020: (a) Scott Miller, Cocagne, New Brunswick; and (b} Marilyn Luscombe, Fredericton, New Brunswick. 2. Under subsection 4(8) of the Legal Aid Act, the Lieutenant- Governor in Council revokes paragraph (b) of Order in Council 2015-69 dated April 2, 2015. 3. Under subparagraph 4(1)(c)(i) of the Legal Aid Act and section 26 of the Interpretation Act, the Lieutenant-Governor in Council revokes Order in Council 2016-178 dated July 12, 2016. Brenda L. Murphy Lieutenant-Governor This is to certify that the foregoing is a true copy of an Order of the Lieutenant-Governor in Council of the Je certifie que le document qui precede est une copie conforme d'un decret du lieutenant-gouverneur en conseil Province of New Brunswick, made on the de la province du Nouveau-Brunswick, pris le 30 January 2020. Deputy Secretary to Cabinet / Secretaire adjointe du Cabinet nay (Pata.",https://ijf-next-frontend-git-apt-ijf.vercel.app/appointments/f5f244d81d2f51565e3f570dd0e2a565
Charles MacNeil,member and designated as Chair,Natural Resources and Energy Development,,nb,2020-02-06,2020-02-06,,,,,False,OIC2020-030E,apt/nb/apt-nb-ebfcfc85ec8ecd980953b6204fce5624-OIC2020-030E*2020-02-06*Natural_Resources_and_Energy_Development-2025-01-27T18:22:47,"30 FEBRUARY 6, 2020 2020-30 1. Under section 3 of the Scalers Act, the Lieutenant-Governor in Council appoints Charles MacNeil, Hampton, New Brunswick, as a member and designated as Chair, of the Board of Examiners, effective February 6, 2020. 2. Under section 3 of the Scalers Act and section 26 of the Interpretation Act, the Lieutenant-Governor in Council revokes section 2 of Order in Council 2015-52 dated March 26, 2015. % Lieutenant-Governor This is to certify that the foregoing is a true copy of an Order of the Lieutenant-Governor in Council of the Je certifie que le document qui precede est une copie conforme d'un decret du lieutenant-gouverneur en conseil Province of New Brunswick, made on the de la province du Nouveau-Brunswick, pris le 6 February 2020. Deputy Secretary to Cabinet / Secretaire adjointe du Cabinet (latcc 6voco- [ya",https://ijf-next-frontend-git-apt-ijf.vercel.app/appointments/c1088b30aa399d072fd54910cdaee780
Cheryl Hansen,"Clerk of the Executive Council Office, Chief Operating Officer, and Head of the Public Service",Executive Council Office,,nb,2020-02-13,2020-02-14,,,,,False,OIC2020-035E,apt/nb/apt-nb-ecd235d1b26c8a4c757872b1a0a43cfc-OIC2020-035E*2020-02-13*Executive_Council_Office-2025-01-27T18:22:47,"35 FEBRUARY 13, 2020 2020-35 Under subsection 3(1) of the Executive Council Act, the 1. Lieutenant-Governor in Council appoints Cheryl Hansen as Clerk of the Executive Council Office, Chief Operating Officer, and Head of the Public Service, effective February 14, 2020, in place of Jean-Marc Dupuis. 2. Under section 3 of the Civil Service Act and section 27 of the Interpretation Act, the Lieutenant-Governor in Council appoints Patricia Brown-MacKenzie as Acting Secretary to Cabinet, in place of Jean-Marc Dupuis, and Acting Deputy Minister of Policy and Legislative Affairs, effective February 14, 2020. 3. Under section 3 of the Civil Service Act and section 27 of the Interpretation Act, the Lieutenant-Governor in Council appoints Dan Mills as Acting Deputy Minister of Post-Secondary Education, Training and Labour, effective February 14, 2020, in place of Sadie Perron. Brenda L. Murphy Lieutenant-Governor This is to certify that the foregoing is a true copy of an Order of the Lieutenant-Governor in Council of the Je certifie que le document qui precede est une copie conforme d'un decret du lieutenant-gouverneur en conseil Province of New Brunswick, made on the de la province du Nouveau-Brunswick, pris le 13 February 2020.",https://ijf-next-frontend-git-apt-ijf.vercel.app/appointments/d78d9b859afbe02c566f34b679a789c8
Chris Savoie,member representing employees,Post-Secondary Education Training and Labour,,nb,2020-02-13,2020-02-13,,3 years,,,False,OIC2020-034E,apt/nb/apt-nb-deede008994bf80ed1b19f95a8450eb5-OIC2020-034E*2020-02-13*Post-Secondary_Education_Training_and_Labour-2025-01-27T18:22:47,"34 FEBRUARY 13, 2020 2020-34 1. Under subsections 4(3) and 6(5) and paragraph 4(1 ){g) of the Apprenticeship and Occupational Certification Act, the Lieutenant-Governor in Council reappoints Debra Romero, Ripples, New Brunswick, as chair of the Apprenticeship and Occupational Certification Board, for a term ending February 10, 2023. 2. Under subsection 6(1) and paragraphs 4(1 ){a) and 4{2){a) of the Apprenticeship and Occupational Certification Act, the Lieutenant-Governor in Council reappoints the following persons to the Apprenticeship and Occupational Certification Board as members representing employers, for a term of three years, effective February 13, 2020: {a) Scott Toner, Tracadie-Sheila, New Brunswick; and {b) Shirley Mitchell, Saint John, New Brunswick. 3. Under subsection 6(1) and paragraphs 4(1)(a) and 4{2){a) of the Apprenticeship and Occupational Certification Act, the Lieutenant-Governor in Council appoints Mark Thibodeau, Quispamsis, New Brunswick, to the Apprenticeship and Occupational Certification Board as a member representing employers, for a term ofthree years, effective February 13, 2020. 4. Under subsection 6(1) and paragraphs 4(1 ){b) and 4{2){a) of the Apprenticeship and Occupational Certification Act, the Lieutenant-Governor in Council reappoints the following persons to the Apprenticeship and Occupational Certification Board as members representing employees, for a term of three years, effective February 13, 2020: {a) Lura Fowler, Willow Grove, New Brunswick; and {b) Meagan Wood, Saint John, New Brunswick. -2 34 5. Under subsection 6(1) and paragraphs 4(1)(b) and 4(2)(b) of the Apprenticeship and Occupational Certification Act, the Lieutenant-Governor in Council appoints the following persons to the Apprenticeship and Occupational Certification Board as members representing employees, for a term of three years, effective February 13, 2020: (a) Chris Savoie, French Village, New Brunswick; and (b) Mario Leblanc, Dieppe, New Brunswick. Brenda L. Murphy Lieutenant-Governor This is to certify that the foregoing is a true copy of an Order of the Lieutenant-Governor in Council of the Je certifie que le document qui precede est une copie conforme d'un decret du lieutenant-gouverneur en conseil Province of New Brunswick, made on the de la province du Nouveau-Brunswick, pris le 13 February 2020. Secretary to Cabinet / Secretaire du Cabinet fhctca-fun 0fen,-",https://ijf-next-frontend-git-apt-ijf.vercel.app/appointments/122906b6d363815b3e2560e87882b1df
Dan Mills,"Acting Deputy Minister of Post-Secondary Education, Training and Labour",Executive Council Office,,nb,2020-02-13,2020-02-14,,,,,False,OIC2020-035E,apt/nb/apt-nb-ecd235d1b26c8a4c757872b1a0a43cfc-OIC2020-035E*2020-02-13*Executive_Council_Office-2025-01-27T18:22:47,"35 FEBRUARY 13, 2020 2020-35 Under subsection 3(1) of the Executive Council Act, the 1. Lieutenant-Governor in Council appoints Cheryl Hansen as Clerk of the Executive Council Office, Chief Operating Officer, and Head of the Public Service, effective February 14, 2020, in place of Jean-Marc Dupuis. 2. Under section 3 of the Civil Service Act and section 27 of the Interpretation Act, the Lieutenant-Governor in Council appoints Patricia Brown-MacKenzie as Acting Secretary to Cabinet, in place of Jean-Marc Dupuis, and Acting Deputy Minister of Policy and Legislative Affairs, effective February 14, 2020. 3. Under section 3 of the Civil Service Act and section 27 of the Interpretation Act, the Lieutenant-Governor in Council appoints Dan Mills as Acting Deputy Minister of Post-Secondary Education, Training and Labour, effective February 14, 2020, in place of Sadie Perron. Brenda L. Murphy Lieutenant-Governor This is to certify that the foregoing is a true copy of an Order of the Lieutenant-Governor in Council of the Je certifie que le document qui precede est une copie conforme d'un decret du lieutenant-gouverneur en conseil Province of New Brunswick, made on the de la province du Nouveau-Brunswick, pris le 13 February 2020.",https://ijf-next-frontend-git-apt-ijf.vercel.app/appointments/c5c8b95c14f6da3807699041382a0369
Debra Romero,chair,Post-Secondary Education Training and Labour,,nb,2020-02-13,,2023-02-10,,,,True,OIC2020-034E,apt/nb/apt-nb-deede008994bf80ed1b19f95a8450eb5-OIC2020-034E*2020-02-13*Post-Secondary_Education_Training_and_Labour-2025-01-27T18:22:47,"34 FEBRUARY 13, 2020 2020-34 1. Under subsections 4(3) and 6(5) and paragraph 4(1 ){g) of the Apprenticeship and Occupational Certification Act, the Lieutenant-Governor in Council reappoints Debra Romero, Ripples, New Brunswick, as chair of the Apprenticeship and Occupational Certification Board, for a term ending February 10, 2023. 2. Under subsection 6(1) and paragraphs 4(1 ){a) and 4{2){a) of the Apprenticeship and Occupational Certification Act, the Lieutenant-Governor in Council reappoints the following persons to the Apprenticeship and Occupational Certification Board as members representing employers, for a term of three years, effective February 13, 2020: {a) Scott Toner, Tracadie-Sheila, New Brunswick; and {b) Shirley Mitchell, Saint John, New Brunswick. 3. Under subsection 6(1) and paragraphs 4(1)(a) and 4{2){a) of the Apprenticeship and Occupational Certification Act, the Lieutenant-Governor in Council appoints Mark Thibodeau, Quispamsis, New Brunswick, to the Apprenticeship and Occupational Certification Board as a member representing employers, for a term ofthree years, effective February 13, 2020. 4. Under subsection 6(1) and paragraphs 4(1 ){b) and 4{2){a) of the Apprenticeship and Occupational Certification Act, the Lieutenant-Governor in Council reappoints the following persons to the Apprenticeship and Occupational Certification Board as members representing employees, for a term of three years, effective February 13, 2020: {a) Lura Fowler, Willow Grove, New Brunswick; and {b) Meagan Wood, Saint John, New Brunswick. -2 34 5. Under subsection 6(1) and paragraphs 4(1)(b) and 4(2)(b) of the Apprenticeship and Occupational Certification Act, the Lieutenant-Governor in Council appoints the following persons to the Apprenticeship and Occupational Certification Board as members representing employees, for a term of three years, effective February 13, 2020: (a) Chris Savoie, French Village, New Brunswick; and (b) Mario Leblanc, Dieppe, New Brunswick. Brenda L. Murphy Lieutenant-Governor This is to certify that the foregoing is a true copy of an Order of the Lieutenant-Governor in Council of the Je certifie que le document qui precede est une copie conforme d'un decret du lieutenant-gouverneur en conseil Province of New Brunswick, made on the de la province du Nouveau-Brunswick, pris le 13 February 2020. Secretary to Cabinet / Secretaire du Cabinet fhctca-fun 0fen,-",https://ijf-next-frontend-git-apt-ijf.vercel.app/appointments/ed295d61ca6be57a0a6d3fb51c2cab75
Lura Fowler,member representing employees,Post-Secondary Education Training and Labour,,nb,2020-02-13,2020-02-13,,3 years,,,True,OIC2020-034E,apt/nb/apt-nb-deede008994bf80ed1b19f95a8450eb5-OIC2020-034E*2020-02-13*Post-Secondary_Education_Training_and_Labour-2025-01-27T18:22:47,"34 FEBRUARY 13, 2020 2020-34 1. Under subsections 4(3) and 6(5) and paragraph 4(1 ){g) of the Apprenticeship and Occupational Certification Act, the Lieutenant-Governor in Council reappoints Debra Romero, Ripples, New Brunswick, as chair of the Apprenticeship and Occupational Certification Board, for a term ending February 10, 2023. 2. Under subsection 6(1) and paragraphs 4(1 ){a) and 4{2){a) of the Apprenticeship and Occupational Certification Act, the Lieutenant-Governor in Council reappoints the following persons to the Apprenticeship and Occupational Certification Board as members representing employers, for a term of three years, effective February 13, 2020: {a) Scott Toner, Tracadie-Sheila, New Brunswick; and {b) Shirley Mitchell, Saint John, New Brunswick. 3. Under subsection 6(1) and paragraphs 4(1)(a) and 4{2){a) of the Apprenticeship and Occupational Certification Act, the Lieutenant-Governor in Council appoints Mark Thibodeau, Quispamsis, New Brunswick, to the Apprenticeship and Occupational Certification Board as a member representing employers, for a term ofthree years, effective February 13, 2020. 4. Under subsection 6(1) and paragraphs 4(1 ){b) and 4{2){a) of the Apprenticeship and Occupational Certification Act, the Lieutenant-Governor in Council reappoints the following persons to the Apprenticeship and Occupational Certification Board as members representing employees, for a term of three years, effective February 13, 2020: {a) Lura Fowler, Willow Grove, New Brunswick; and {b) Meagan Wood, Saint John, New Brunswick. -2 34 5. Under subsection 6(1) and paragraphs 4(1)(b) and 4(2)(b) of the Apprenticeship and Occupational Certification Act, the Lieutenant-Governor in Council appoints the following persons to the Apprenticeship and Occupational Certification Board as members representing employees, for a term of three years, effective February 13, 2020: (a) Chris Savoie, French Village, New Brunswick; and (b) Mario Leblanc, Dieppe, New Brunswick. Brenda L. Murphy Lieutenant-Governor This is to certify that the foregoing is a true copy of an Order of the Lieutenant-Governor in Council of the Je certifie que le document qui precede est une copie conforme d'un decret du lieutenant-gouverneur en conseil Province of New Brunswick, made on the de la province du Nouveau-Brunswick, pris le 13 February 2020. Secretary to Cabinet / Secretaire du Cabinet fhctca-fun 0fen,-",https://ijf-next-frontend-git-apt-ijf.vercel.app/appointments/bc01d15231f2f8c052146cc77781172e
Mario Leblanc,member representing employees,Post-Secondary Education Training and Labour,,nb,2020-02-13,2020-02-13,,3 years,,,False,OIC2020-034E,apt/nb/apt-nb-deede008994bf80ed1b19f95a8450eb5-OIC2020-034E*2020-02-13*Post-Secondary_Education_Training_and_Labour-2025-01-27T18:22:47,"34 FEBRUARY 13, 2020 2020-34 1. Under subsections 4(3) and 6(5) and paragraph 4(1 ){g) of the Apprenticeship and Occupational Certification Act, the Lieutenant-Governor in Council reappoints Debra Romero, Ripples, New Brunswick, as chair of the Apprenticeship and Occupational Certification Board, for a term ending February 10, 2023. 2. Under subsection 6(1) and paragraphs 4(1 ){a) and 4{2){a) of the Apprenticeship and Occupational Certification Act, the Lieutenant-Governor in Council reappoints the following persons to the Apprenticeship and Occupational Certification Board as members representing employers, for a term of three years, effective February 13, 2020: {a) Scott Toner, Tracadie-Sheila, New Brunswick; and {b) Shirley Mitchell, Saint John, New Brunswick. 3. Under subsection 6(1) and paragraphs 4(1)(a) and 4{2){a) of the Apprenticeship and Occupational Certification Act, the Lieutenant-Governor in Council appoints Mark Thibodeau, Quispamsis, New Brunswick, to the Apprenticeship and Occupational Certification Board as a member representing employers, for a term ofthree years, effective February 13, 2020. 4. Under subsection 6(1) and paragraphs 4(1 ){b) and 4{2){a) of the Apprenticeship and Occupational Certification Act, the Lieutenant-Governor in Council reappoints the following persons to the Apprenticeship and Occupational Certification Board as members representing employees, for a term of three years, effective February 13, 2020: {a) Lura Fowler, Willow Grove, New Brunswick; and {b) Meagan Wood, Saint John, New Brunswick. -2 34 5. Under subsection 6(1) and paragraphs 4(1)(b) and 4(2)(b) of the Apprenticeship and Occupational Certification Act, the Lieutenant-Governor in Council appoints the following persons to the Apprenticeship and Occupational Certification Board as members representing employees, for a term of three years, effective February 13, 2020: (a) Chris Savoie, French Village, New Brunswick; and (b) Mario Leblanc, Dieppe, New Brunswick. Brenda L. Murphy Lieutenant-Governor This is to certify that the foregoing is a true copy of an Order of the Lieutenant-Governor in Council of the Je certifie que le document qui precede est une copie conforme d'un decret du lieutenant-gouverneur en conseil Province of New Brunswick, made on the de la province du Nouveau-Brunswick, pris le 13 February 2020. Secretary to Cabinet / Secretaire du Cabinet fhctca-fun 0fen,-",https://ijf-next-frontend-git-apt-ijf.vercel.app/appointments/5f27b37125f0b18cca5459823945bc22
Mark Thibodeau,member representing employers,Post-Secondary Education Training and Labour,,nb,2020-02-13,2020-02-13,,3 years,,,False,OIC2020-034E,apt/nb/apt-nb-deede008994bf80ed1b19f95a8450eb5-OIC2020-034E*2020-02-13*Post-Secondary_Education_Training_and_Labour-2025-01-27T18:22:47,"34 FEBRUARY 13, 2020 2020-34 1. Under subsections 4(3) and 6(5) and paragraph 4(1 ){g) of the Apprenticeship and Occupational Certification Act, the Lieutenant-Governor in Council reappoints Debra Romero, Ripples, New Brunswick, as chair of the Apprenticeship and Occupational Certification Board, for a term ending February 10, 2023. 2. Under subsection 6(1) and paragraphs 4(1 ){a) and 4{2){a) of the Apprenticeship and Occupational Certification Act, the Lieutenant-Governor in Council reappoints the following persons to the Apprenticeship and Occupational Certification Board as members representing employers, for a term of three years, effective February 13, 2020: {a) Scott Toner, Tracadie-Sheila, New Brunswick; and {b) Shirley Mitchell, Saint John, New Brunswick. 3. Under subsection 6(1) and paragraphs 4(1)(a) and 4{2){a) of the Apprenticeship and Occupational Certification Act, the Lieutenant-Governor in Council appoints Mark Thibodeau, Quispamsis, New Brunswick, to the Apprenticeship and Occupational Certification Board as a member representing employers, for a term ofthree years, effective February 13, 2020. 4. Under subsection 6(1) and paragraphs 4(1 ){b) and 4{2){a) of the Apprenticeship and Occupational Certification Act, the Lieutenant-Governor in Council reappoints the following persons to the Apprenticeship and Occupational Certification Board as members representing employees, for a term of three years, effective February 13, 2020: {a) Lura Fowler, Willow Grove, New Brunswick; and {b) Meagan Wood, Saint John, New Brunswick. -2 34 5. Under subsection 6(1) and paragraphs 4(1)(b) and 4(2)(b) of the Apprenticeship and Occupational Certification Act, the Lieutenant-Governor in Council appoints the following persons to the Apprenticeship and Occupational Certification Board as members representing employees, for a term of three years, effective February 13, 2020: (a) Chris Savoie, French Village, New Brunswick; and (b) Mario Leblanc, Dieppe, New Brunswick. Brenda L. Murphy Lieutenant-Governor This is to certify that the foregoing is a true copy of an Order of the Lieutenant-Governor in Council of the Je certifie que le document qui precede est une copie conforme d'un decret du lieutenant-gouverneur en conseil Province of New Brunswick, made on the de la province du Nouveau-Brunswick, pris le 13 February 2020. Secretary to Cabinet / Secretaire du Cabinet fhctca-fun 0fen,-",https://ijf-next-frontend-git-apt-ijf.vercel.app/appointments/501a0e42e3b95adf3d0222f92c7fdc99
Meagan Wood,member representing employees,Post-Secondary Education Training and Labour,,nb,2020-02-13,2020-02-13,,3 years,,,True,OIC2020-034E,apt/nb/apt-nb-deede008994bf80ed1b19f95a8450eb5-OIC2020-034E*2020-02-13*Post-Secondary_Education_Training_and_Labour-2025-01-27T18:22:47,"34 FEBRUARY 13, 2020 2020-34 1. Under subsections 4(3) and 6(5) and paragraph 4(1 ){g) of the Apprenticeship and Occupational Certification Act, the Lieutenant-Governor in Council reappoints Debra Romero, Ripples, New Brunswick, as chair of the Apprenticeship and Occupational Certification Board, for a term ending February 10, 2023. 2. Under subsection 6(1) and paragraphs 4(1 ){a) and 4{2){a) of the Apprenticeship and Occupational Certification Act, the Lieutenant-Governor in Council reappoints the following persons to the Apprenticeship and Occupational Certification Board as members representing employers, for a term of three years, effective February 13, 2020: {a) Scott Toner, Tracadie-Sheila, New Brunswick; and {b) Shirley Mitchell, Saint John, New Brunswick. 3. Under subsection 6(1) and paragraphs 4(1)(a) and 4{2){a) of the Apprenticeship and Occupational Certification Act, the Lieutenant-Governor in Council appoints Mark Thibodeau, Quispamsis, New Brunswick, to the Apprenticeship and Occupational Certification Board as a member representing employers, for a term ofthree years, effective February 13, 2020. 4. Under subsection 6(1) and paragraphs 4(1 ){b) and 4{2){a) of the Apprenticeship and Occupational Certification Act, the Lieutenant-Governor in Council reappoints the following persons to the Apprenticeship and Occupational Certification Board as members representing employees, for a term of three years, effective February 13, 2020: {a) Lura Fowler, Willow Grove, New Brunswick; and {b) Meagan Wood, Saint John, New Brunswick. -2 34 5. Under subsection 6(1) and paragraphs 4(1)(b) and 4(2)(b) of the Apprenticeship and Occupational Certification Act, the Lieutenant-Governor in Council appoints the following persons to the Apprenticeship and Occupational Certification Board as members representing employees, for a term of three years, effective February 13, 2020: (a) Chris Savoie, French Village, New Brunswick; and (b) Mario Leblanc, Dieppe, New Brunswick. Brenda L. Murphy Lieutenant-Governor This is to certify that the foregoing is a true copy of an Order of the Lieutenant-Governor in Council of the Je certifie que le document qui precede est une copie conforme d'un decret du lieutenant-gouverneur en conseil Province of New Brunswick, made on the de la province du Nouveau-Brunswick, pris le 13 February 2020. Secretary to Cabinet / Secretaire du Cabinet fhctca-fun 0fen,-",https://ijf-next-frontend-git-apt-ijf.vercel.app/appointments/f07c78faa4c6fffe027bd38b18b2fe89
Patricia Brown-MacKenzie,Acting Secretary to Cabinet and Acting Deputy Minister of Policy and Legislative Affairs,Executive Council Office,,nb,2020-02-13,2020-02-14,,,,,False,OIC2020-035E,apt/nb/apt-nb-ecd235d1b26c8a4c757872b1a0a43cfc-OIC2020-035E*2020-02-13*Executive_Council_Office-2025-01-27T18:22:47,"35 FEBRUARY 13, 2020 2020-35 Under subsection 3(1) of the Executive Council Act, the 1. Lieutenant-Governor in Council appoints Cheryl Hansen as Clerk of the Executive Council Office, Chief Operating Officer, and Head of the Public Service, effective February 14, 2020, in place of Jean-Marc Dupuis. 2. Under section 3 of the Civil Service Act and section 27 of the Interpretation Act, the Lieutenant-Governor in Council appoints Patricia Brown-MacKenzie as Acting Secretary to Cabinet, in place of Jean-Marc Dupuis, and Acting Deputy Minister of Policy and Legislative Affairs, effective February 14, 2020. 3. Under section 3 of the Civil Service Act and section 27 of the Interpretation Act, the Lieutenant-Governor in Council appoints Dan Mills as Acting Deputy Minister of Post-Secondary Education, Training and Labour, effective February 14, 2020, in place of Sadie Perron. Brenda L. Murphy Lieutenant-Governor This is to certify that the foregoing is a true copy of an Order of the Lieutenant-Governor in Council of the Je certifie que le document qui precede est une copie conforme d'un decret du lieutenant-gouverneur en conseil Province of New Brunswick, made on the de la province du Nouveau-Brunswick, pris le 13 February 2020.",https://ijf-next-frontend-git-apt-ijf.vercel.app/appointments/fbda6f6cd7123550c2546b6d943204ee
Rick Nicholson,Returning Officer,Executive Council Office,,nb,2020-02-13,2020-02-13,,,,,False,OIC2020-033E,apt/nb/apt-nb-a536adcf578ecb909cfcad1876413b94-OIC2020-033E*2020-02-13*Executive_Council_Office-2025-01-27T18:22:47,"33 FEBRUARY 13, 2020 2020-33 1. Under subsection 9(1) of the Elections Act, the Lieutenant- Governor in Council appoints Rick Nicholson, Moncton, New Brunswick, as a Returning Officer for electoral district 22 (Moncton Southwest), effective February 13, 2020. 2. Under subsection 9(1) of the Elections Act and section 26 of the Interpretation Act, the Lieutenant-Governor in Council revokes section 1.(c) of Order in Council 2019-230 dated November 14, 2019. q-pry %.2 Brenda L. Murphy Lie ute n ant-Gave rn or This is to certify that the foregoing is a true copy of an Order of the Lieutenant-Governor in Council of the Je certifie que le document qui precede est une copie conforme d'un decret du lieutenant-gouverneur en conseil Province of New Brunswick, made on the de la province du Nouveau-Brunswick, pris le 13 February 2020. Secretary to Cabinet / Secretaire du Cabinet y'ate,6c ow-)'3fr}",https://ijf-next-frontend-git-apt-ijf.vercel.app/appointments/f8a171d309949df562b065a9c36327af
Scott Toner,member representing employers,Post-Secondary Education Training and Labour,,nb,2020-02-13,2020-02-13,,3 years,,,True,OIC2020-034E,apt/nb/apt-nb-deede008994bf80ed1b19f95a8450eb5-OIC2020-034E*2020-02-13*Post-Secondary_Education_Training_and_Labour-2025-01-27T18:22:47,"34 FEBRUARY 13, 2020 2020-34 1. Under subsections 4(3) and 6(5) and paragraph 4(1 ){g) of the Apprenticeship and Occupational Certification Act, the Lieutenant-Governor in Council reappoints Debra Romero, Ripples, New Brunswick, as chair of the Apprenticeship and Occupational Certification Board, for a term ending February 10, 2023. 2. Under subsection 6(1) and paragraphs 4(1 ){a) and 4{2){a) of the Apprenticeship and Occupational Certification Act, the Lieutenant-Governor in Council reappoints the following persons to the Apprenticeship and Occupational Certification Board as members representing employers, for a term of three years, effective February 13, 2020: {a) Scott Toner, Tracadie-Sheila, New Brunswick; and {b) Shirley Mitchell, Saint John, New Brunswick. 3. Under subsection 6(1) and paragraphs 4(1)(a) and 4{2){a) of the Apprenticeship and Occupational Certification Act, the Lieutenant-Governor in Council appoints Mark Thibodeau, Quispamsis, New Brunswick, to the Apprenticeship and Occupational Certification Board as a member representing employers, for a term ofthree years, effective February 13, 2020. 4. Under subsection 6(1) and paragraphs 4(1 ){b) and 4{2){a) of the Apprenticeship and Occupational Certification Act, the Lieutenant-Governor in Council reappoints the following persons to the Apprenticeship and Occupational Certification Board as members representing employees, for a term of three years, effective February 13, 2020: {a) Lura Fowler, Willow Grove, New Brunswick; and {b) Meagan Wood, Saint John, New Brunswick. -2 34 5. Under subsection 6(1) and paragraphs 4(1)(b) and 4(2)(b) of the Apprenticeship and Occupational Certification Act, the Lieutenant-Governor in Council appoints the following persons to the Apprenticeship and Occupational Certification Board as members representing employees, for a term of three years, effective February 13, 2020: (a) Chris Savoie, French Village, New Brunswick; and (b) Mario Leblanc, Dieppe, New Brunswick. Brenda L. Murphy Lieutenant-Governor This is to certify that the foregoing is a true copy of an Order of the Lieutenant-Governor in Council of the Je certifie que le document qui precede est une copie conforme d'un decret du lieutenant-gouverneur en conseil Province of New Brunswick, made on the de la province du Nouveau-Brunswick, pris le 13 February 2020. Secretary to Cabinet / Secretaire du Cabinet fhctca-fun 0fen,-",https://ijf-next-frontend-git-apt-ijf.vercel.app/appointments/1cb6d16e6d68e20a7a6e03fcad50d013
Shirley Mitchell,member representing employers,Post-Secondary Education Training and Labour,,nb,2020-02-13,2020-02-13,,3 years,,,True,OIC2020-034E,apt/nb/apt-nb-deede008994bf80ed1b19f95a8450eb5-OIC2020-034E*2020-02-13*Post-Secondary_Education_Training_and_Labour-2025-01-27T18:22:47,"34 FEBRUARY 13, 2020 2020-34 1. Under subsections 4(3) and 6(5) and paragraph 4(1 ){g) of the Apprenticeship and Occupational Certification Act, the Lieutenant-Governor in Council reappoints Debra Romero, Ripples, New Brunswick, as chair of the Apprenticeship and Occupational Certification Board, for a term ending February 10, 2023. 2. Under subsection 6(1) and paragraphs 4(1 ){a) and 4{2){a) of the Apprenticeship and Occupational Certification Act, the Lieutenant-Governor in Council reappoints the following persons to the Apprenticeship and Occupational Certification Board as members representing employers, for a term of three years, effective February 13, 2020: {a) Scott Toner, Tracadie-Sheila, New Brunswick; and {b) Shirley Mitchell, Saint John, New Brunswick. 3. Under subsection 6(1) and paragraphs 4(1)(a) and 4{2){a) of the Apprenticeship and Occupational Certification Act, the Lieutenant-Governor in Council appoints Mark Thibodeau, Quispamsis, New Brunswick, to the Apprenticeship and Occupational Certification Board as a member representing employers, for a term ofthree years, effective February 13, 2020. 4. Under subsection 6(1) and paragraphs 4(1 ){b) and 4{2){a) of the Apprenticeship and Occupational Certification Act, the Lieutenant-Governor in Council reappoints the following persons to the Apprenticeship and Occupational Certification Board as members representing employees, for a term of three years, effective February 13, 2020: {a) Lura Fowler, Willow Grove, New Brunswick; and {b) Meagan Wood, Saint John, New Brunswick. -2 34 5. Under subsection 6(1) and paragraphs 4(1)(b) and 4(2)(b) of the Apprenticeship and Occupational Certification Act, the Lieutenant-Governor in Council appoints the following persons to the Apprenticeship and Occupational Certification Board as members representing employees, for a term of three years, effective February 13, 2020: (a) Chris Savoie, French Village, New Brunswick; and (b) Mario Leblanc, Dieppe, New Brunswick. Brenda L. Murphy Lieutenant-Governor This is to certify that the foregoing is a true copy of an Order of the Lieutenant-Governor in Council of the Je certifie que le document qui precede est une copie conforme d'un decret du lieutenant-gouverneur en conseil Province of New Brunswick, made on the de la province du Nouveau-Brunswick, pris le 13 February 2020. Secretary to Cabinet / Secretaire du Cabinet fhctca-fun 0fen,-",https://ijf-next-frontend-git-apt-ijf.vercel.app/appointments/8c5436df121179cbce83baf90ca594ad
Gary W. Vincent,commissioner,Finance and Treasury Board,,nb,2020-02-20,2020-04-01,,1 year,,,False,OIC2020-038E,apt/nb/apt-nb-ca5a9591f4dd7b4666e506e33a28c35b-OIC2020-038E*2020-02-20*Finance_and_Treasury_Board-2025-01-27T18:22:47,"38 FEBRUARY 20, 2020 2020-38 Under subsections 4(1) and 4(4) of the Atlantic Provinces Harness Racing Commission Act, the Lieutenant-Governor in Council, on the recommendation of the Minister of Finance and Treasury Board, nominates Gary W. Vincent, Saint John, New Brunswick, for appointment by the Council of the Atlantic Premiers, as a commissioner of the Atlantic Provinces Harness Racing Commission, for a term of one year, effective April 1, 2020. Brenda L. Murphy Lieutenant-Governor This is to certify that the foregoing is a true copy of an Order of the Lieutenant-Governor in Council of the Je certifie que le document qui precede est une copie conforme d'un decret du lieutenant-gouverneur en conseil Province of New Brunswick, made on the de la province du Nouveau-Brunswick, pris le 20 February 2020. Secretary to Cabinet / Secretaire du Cabinet hate. g-on YI£8oyco",https://ijf-next-frontend-git-apt-ijf.vercel.app/appointments/61f9051f15727b989259297f82103298
Bruce Fitch,"Minister of Tourism, Heritage and Culture",Executive Council Office,,nb,2020-02-24,2020-02-24,,,,,False,OIC2020-042E,apt/nb/apt-nb-ea508e3b51d2d123099c8b59c974cf8c-OIC2020-042E*2020-02-24*Executive_Council_Office-2025-01-27T18:22:47,"42 FEBRUARY 24, 2020 2020-42 Under section 2 of the Executive Council Act, the Lieutenant Governor appoints under the Great Seal of the Province, the Honourable Bruce Fitch, Member of the Executive Council, as Minister of Tourism, Heritage and Culture, effective February 24, 2020. -pr ho Brenda L. Murphy Lieutenant-Governor This is to certify that the foregoing is a true copy of an Order of the Lieutenant-Governor in Council of the Je certifie que le document qui precede est une copie conforme d'un decret du lieutenant-gouverneur en conseil Province of New Brunswick, made on the de la province du Nouveau-Brunswick, pris le February 24, 2020. Secretaryo Ctabinet / Secretaire d4u Cabinfet r® So (-ht.ea",https://ijf-next-frontend-git-apt-ijf.vercel.app/appointments/a6849d4c158e872946cf597f9c63cff9
Bruce Fitch,member of Treasury Board,Executive Council Office,,nb,2020-02-24,2020-02-24,,,,,False,OIC2020-043E,apt/nb/apt-nb-879da5d54ad8f59c6cfcbb3a1ca88de2-OIC2020-043E*2020-02-24*Executive_Council_Office-2025-01-27T18:22:47,"43 FEBRUARY 24, 2020 2020-43 Under subsection 3(1) of the Financial Administration Act, the Lieutenang-Governor in Counil appoints the Honourable Bruce Fitch as a member of Treasury Board, effective February 24, 2020. s. %-6 Brenda L. Murphy Lieutenant-Governor This is to certify that the foregoing is a true copy of an Order of the Lieutenant-Governor in Council of the Je certifie que le document qui precede est une copie conforme d'un decret du lieutenant-gouverneur en conseil Province of New Brunswick, made on the de la province du Nouveau-Brunswick, pris le February 24, 2020. Secretary to Cabinet / Secretaire du Cabinet Go-/ya lea,",https://ijf-next-frontend-git-apt-ijf.vercel.app/appointments/2c6add1d74e808f6cd9300ab4031737d
Bruce Fitch,member of the Executive Council,Executive Council Office,,nb,2020-02-24,2020-02-24,,,,,False,OIC2020-041E,apt/nb/apt-nb-7b854193e93fb6bec61f7c2725ab65f1-OIC2020-041E*2020-02-24*Executive_Council_Office-2025-01-27T18:22:47,"41 FEBRUARY 24, 2020 2020-41 1. Under section 1 of the Executive Council Act, the Lieutenant- Governor appoints Glen Savoie, a member of the Legislative Assembly for the electoral district of Saint John East, as a member of the Executive Council, effective February 24, 2020. 2. Under section 1 of the Executive Council Act, the Lieutenant- Governor appoints Bruce Fitch, a member of the Legislative Assembly for the electoral district of Riverview, as a member of the Executive Council, effective February 24, 2020. Brenda L. Murphy Lieutenant-Governor This is to certify that the foregoing is a true copy of an Order of the Lieutenant-Governor in Council of the Je certifie que le document qui precede est une copie conforme d'un decret du lieutenant-gouverneur en conseil Province of New Brunswick, made on the de la province du Nouveau-Brunswick, pris le February 24, 2020. Secretary to Cabinet / SecretairAe du #Caobineyt #are.ca",https://ijf-next-frontend-git-apt-ijf.vercel.app/appointments/50bc7ddc0e61c4804acdc2c77247a11c
Glen Savoie,member of the Executive Council,Executive Council Office,,nb,2020-02-24,2020-02-24,,,,,False,OIC2020-041E,apt/nb/apt-nb-7b854193e93fb6bec61f7c2725ab65f1-OIC2020-041E*2020-02-24*Executive_Council_Office-2025-01-27T18:22:47,"41 FEBRUARY 24, 2020 2020-41 1. Under section 1 of the Executive Council Act, the Lieutenant- Governor appoints Glen Savoie, a member of the Legislative Assembly for the electoral district of Saint John East, as a member of the Executive Council, effective February 24, 2020. 2. Under section 1 of the Executive Council Act, the Lieutenant- Governor appoints Bruce Fitch, a member of the Legislative Assembly for the electoral district of Riverview, as a member of the Executive Council, effective February 24, 2020. Brenda L. Murphy Lieutenant-Governor This is to certify that the foregoing is a true copy of an Order of the Lieutenant-Governor in Council of the Je certifie que le document qui precede est une copie conforme d'un decret du lieutenant-gouverneur en conseil Province of New Brunswick, made on the de la province du Nouveau-Brunswick, pris le February 24, 2020. Secretary to Cabinet / SecretairAe du #Caobineyt #are.ca",https://ijf-next-frontend-git-apt-ijf.vercel.app/appointments/f7697c156e94b184fd991706e782a7f0
Andrea Leger,Returning Officer,Executive Council Office,,nb,2020-02-27,2020-02-27,,,,,False,OIC2020-050E,apt/nb/apt-nb-2aa36268f0d6f64fba5b0fd0365fd405-OIC2020-050E*2020-02-27*Executive_Council_Office-2025-01-27T18:22:47,"50 FEBRUARY 27, 2020 2020-50 Under subsection 9(1) of the Elections Act, the Lieutenant- 1. Governor in Council appoints Benoit Cyr, Saint-Quentin, New Brunswick, as a Returning Officer for electoral district 1 (Restigouche West), effective February 27, 2020. 2 Under subsection 9(1) of the Elections Act, the Lieutenant- Governor in Council appoints Andrea Leger, Cocagne, New Brunswick, as a Returning Officer for electoral district 13 (Kent South), effective February 27, 2020. 3. Under subsection 9(1) of the Elections Act, the Lieutenant- Governor in Council appoints Blake Kennedy, Rusagonis, New Brunswick, as a Returning Officer for electoral district 43 (Fredericton West-Hanwell), effective February 27, 2020. 2. Under subsection 9(1) of the Elections Act and section 26 ofthe Interpretation Act, the Lieutenant-Governor in Council revokes paragraphs 1(a), (m) and (qq) of Order in Council 2019-180 dated October 3, 2019. .2.1.% Lieutenant-Governor This is to certify that the foregoing is a true copy of an Order of the Lieutenant-Governor in Council of the Je certifie que le document qui precede est une copie conforme d'un decret du lieutenant-gouverneur en conseil Province of New Brunswick, made on the de la province du Nouveau-Brunswick, pris le 27 February 2020.",https://ijf-next-frontend-git-apt-ijf.vercel.app/appointments/d25a6bb12e5f6a4336536c703f7e1305
Benoit Cyr,Returning Officer,Executive Council Office,,nb,2020-02-27,2020-02-27,,,,,False,OIC2020-050E,apt/nb/apt-nb-2aa36268f0d6f64fba5b0fd0365fd405-OIC2020-050E*2020-02-27*Executive_Council_Office-2025-01-27T18:22:47,"50 FEBRUARY 27, 2020 2020-50 Under subsection 9(1) of the Elections Act, the Lieutenant- 1. Governor in Council appoints Benoit Cyr, Saint-Quentin, New Brunswick, as a Returning Officer for electoral district 1 (Restigouche West), effective February 27, 2020. 2 Under subsection 9(1) of the Elections Act, the Lieutenant- Governor in Council appoints Andrea Leger, Cocagne, New Brunswick, as a Returning Officer for electoral district 13 (Kent South), effective February 27, 2020. 3. Under subsection 9(1) of the Elections Act, the Lieutenant- Governor in Council appoints Blake Kennedy, Rusagonis, New Brunswick, as a Returning Officer for electoral district 43 (Fredericton West-Hanwell), effective February 27, 2020. 2. Under subsection 9(1) of the Elections Act and section 26 ofthe Interpretation Act, the Lieutenant-Governor in Council revokes paragraphs 1(a), (m) and (qq) of Order in Council 2019-180 dated October 3, 2019. .2.1.% Lieutenant-Governor This is to certify that the foregoing is a true copy of an Order of the Lieutenant-Governor in Council of the Je certifie que le document qui precede est une copie conforme d'un decret du lieutenant-gouverneur en conseil Province of New Brunswick, made on the de la province du Nouveau-Brunswick, pris le 27 February 2020.",https://ijf-next-frontend-git-apt-ijf.vercel.app/appointments/c9602da10a26b01b083bf356f7193903
Blake Kennedy,Returning Officer,Executive Council Office,,nb,2020-02-27,2020-02-27,,,,,False,OIC2020-050E,apt/nb/apt-nb-2aa36268f0d6f64fba5b0fd0365fd405-OIC2020-050E*2020-02-27*Executive_Council_Office-2025-01-27T18:22:47,"50 FEBRUARY 27, 2020 2020-50 Under subsection 9(1) of the Elections Act, the Lieutenant- 1. Governor in Council appoints Benoit Cyr, Saint-Quentin, New Brunswick, as a Returning Officer for electoral district 1 (Restigouche West), effective February 27, 2020. 2 Under subsection 9(1) of the Elections Act, the Lieutenant- Governor in Council appoints Andrea Leger, Cocagne, New Brunswick, as a Returning Officer for electoral district 13 (Kent South), effective February 27, 2020. 3. Under subsection 9(1) of the Elections Act, the Lieutenant- Governor in Council appoints Blake Kennedy, Rusagonis, New Brunswick, as a Returning Officer for electoral district 43 (Fredericton West-Hanwell), effective February 27, 2020. 2. Under subsection 9(1) of the Elections Act and section 26 ofthe Interpretation Act, the Lieutenant-Governor in Council revokes paragraphs 1(a), (m) and (qq) of Order in Council 2019-180 dated October 3, 2019. .2.1.% Lieutenant-Governor This is to certify that the foregoing is a true copy of an Order of the Lieutenant-Governor in Council of the Je certifie que le document qui precede est une copie conforme d'un decret du lieutenant-gouverneur en conseil Province of New Brunswick, made on the de la province du Nouveau-Brunswick, pris le 27 February 2020.",https://ijf-next-frontend-git-apt-ijf.vercel.app/appointments/a3397e503c0541eec9e3d8bf3120eb05
Jeanne-Mance Cormier,member of the Board of Governors,Post-Secondary Education Training and Labour,,nb,2020-02-27,2020-02-27,2020-06-30,4 months,,,False,OIC2020-045E,apt/nb/apt-nb-70c4286c651b649baf35101281252e71-OIC2020-045E*2020-02-27*Post-Secondary_Education_Training_and_Labour-2025-01-27T18:22:47,"45 FEBRUARY 27, 2020 2020-45 1. Under paragraph 9(3)(a) and subsection 11(8) of the New Brunswick Community Colleges Act, the Lieutenant-Governor in Council appoints Jeanne-Mance Cormier, Pointe-Verte, New Brunswick, as a member of the Board of Governors of the College communautaire du Nouveau-Brunswick, as a person nominated by the Board, effective February 27, 2020, to fill the remainder of vacancy for a term ending June 30, 2020. 2. Under section 26 of the Interpretation Act, the Lieutenant-Governor in Council revokes section 1 of Order in Council 2017-210 dated May 24, 2017. • Lie ute n ant-Governor This is to certify that the foregoing is a true copy of an Order of the Lieutenant-Governor in Council of the Je certifie que le document qui precede est une copie conforme d'un decret du lieutenant-gouverneur en conseil Province of New Brunswick, made on the de la province du Nouveau-Brunswick, pris le 27 February 2020.",https://ijf-next-frontend-git-apt-ijf.vercel.app/appointments/eb120aff17dafc6e675ccc1e0ac853cb
Brenda L. Murphy,Lieutenant-Governor,Executive Council Office,,nb,2020-03-09,2020-03-09,,,,,False,OIC2020-054E,apt/nb/apt-nb-013ecb62c30841035f773fbefc242d9e-OIC2020-054E*2020-03-09*Executive_Council_Office-2025-01-27T18:22:47,"54 MARCH 9, 2020 2020-54 Under subsection 15(1) of the Elections Act, the Lieutenant Governor in Council directs that a writ of election for the electoral district of Shediac Bay-Dieppe be issued on the 12 day of May, 2020, and be returnable on the 26 day of June, 2020; that the 29 day of May, 2020 at 2:00 p.m. be appointed as the day for nomination of candidates; that the 6 and 8 days of June, 2020 be appointed as advanced polling days; that the 19 day of June, 2020 be appointed as the day candidates are declared elected; and that the 15 day of June, 2020, be appointed polling day. AND the Executive Council concurring in said Recommendation. IT IS ACCORDINGLY SO ORDERED. Brenda L. Murhpy Lieutnant-Governor This is to certify that the foregoing is a true copy of an Order of the Lieutenant-Governor in Council of the Je certifie que le document qui precede est une copie conforme d'un decret du lieutenant-gouverneur en conseil Province of New Brunswick, made on the de la province du Nouveau-Brunswick, pris le 9 March 2020. Secretary to Cabinet /_Secretaire du Cabinet {ice. fon- n\Ky? BY HER HONOUR, BRENDA L. MURPHY LIEUTENANT-GOVERNOR OF NEW BRUNSWICK PROCLAMATION WHEREAS under subsection 15(1) of the Elections Act, a by election is necessary in the electoral district of Shediac Bay-Dieppe; AND whereas I have thought fit to order and direct that a writ of election for the electoral district of Shediac Bay-Dieppe be issued; Public Notice is hereby given that a writ of election for the electoral district of Sheidac Bay-Dieppe be issued on the 12 day of May, 2020, and be returnable on the 26 day of June, 2020; that the 29 day of May, 2020 at 2:00 p.m. be appointed as the day for nomination of candidates; that the 6 and 8 days of June, 2020 be appointed as advanced polling days; that the 19 day of June, 2020 be appointed as the day candidates are declared elected; and that the 15 day of June, 2020, be appointed polling day. Given under my hand and the Great Seal of the Province at Fredericton on the 9 day of March, in the year of our Lord Two Thousand and Twenty and in the sixty-ninth year of Her Majesty's reign. • < > IEUTENANT-GOVERNOR Brenda L. Murphy Attorney General Lieutenant-Governor",https://ijf-next-frontend-git-apt-ijf.vercel.app/appointments/9b582052e445d0f4e82ec928861330fa
Brenda L. Murphy,Lieutenant-Governor,Executive Council Office,,nb,2020-03-09,2020-03-09,,,,,False,OIC2020-053E,apt/nb/apt-nb-28cafc8dbfdd1aac0fc291b0ed494c39-OIC2020-053E*2020-03-09*Executive_Council_Office-2025-01-27T18:22:47,"53 MARCH 9, 2020 2020-53 Under subsection 15(1) of the Elections Act, the Lieutenant Governor in Council directs that a writ of election for the electoral district of Saint Croix be issued on the 12 day of May, 2020, and be returnable on the 26 day of June, 2020; that the 29 day of May, 2020 at 2:00 p.m. be appointed as the day for nomination of candidates; that the 6 and 8 days of June, 2020 be appointed as advanced polling days; that the 19 day of June, 2020 be appointed as the day candidates are declared elected; and that the 15 day of June, 2020, be appointed polling day. AND the Executive Council concurring in said Recommendation. IT IS ACCORDINGLY SO ORDERED. Brenda L. Murhpy Lieutnant-Governor This is to certify that the foregoing is a true copy of an Order of the Lieutenant-Governor in Council of the Je certifie que le document qui precede est une copie conforme d'un decret du lieutenant-gouverneur en conseil Province of New Brunswick, made on the de la province du Nouveau-Brunswick, pris le 9 March 2020. on- Secretary to Cabinet / Secretaire du Cabinet /@yy (/ctck- BY HER HONOUR, BRENDAL. MURPHY LIEUTENANT-GOVERNOR OF NEW BRUNSWICK PROCLAMATION WHEREAS under subsection 15(1) of the Elections Act, a by election is necessary in the electoral district of Saint Croix; AND whereas I have thought fit to order and direct that a writ of election for the electoral district of Saint Croix be issued; Public Notice is hereby given that a writ of election for the electoral district of Saint Croix be issued on the 12 day of May, 2020, and be returnable on the 26 day of June, 2020; that the 29 day of May, 2020 at 2:00 p.m. be appointed as the day for nomination of candidates; that the 6 and 8 days of June, 2020 be appointed as advanced polling days; that the 19 day of June, 2020 be appointed as the day candidates are declared elected; and that the 15 day of June, 2020, be appointed polling day. Given under my hand and the Great Seal of the Province at Fredericton on the 9 day of March, in the year of our Lord Two Thousand and Twenty and in the sixty-ninth year of Her Majesty's reign. /A BY COMMAND OF THE LIEUTENANT-GOVERNOR ± -~--- --- -~ ·-- --- ... . -----· ----- --~ -- -~~ . - - ~~ ~ Brenda L. Murphy Lieutenant-Governor r",https://ijf-next-frontend-git-apt-ijf.vercel.app/appointments/b28ba1825f14040206aee1bcee2e09a1
Keith Cronkhite,President and Chief Executive Officer,Natural Resources and Energy Development,,nb,2020-03-12,2020-04-01,,3 years,,,False,OIC2020-065E,apt/nb/apt-nb-d2759864d32101cfcdf5409093754736-OIC2020-065E*2020-03-12*Natural_Resources_and_Energy_Development-2025-01-27T18:22:47,"65 MARCH 12, 2020 2020-65 1. Under subsection 23(6) of the Electricity Act, the Lieutenant- Governor in Council acknowledges receipt of the skills and qualification requirements for nominees for the position of President and Chief Executive Officer of the New Brunswick Power Corporation. 2. Under paragraph 23(7)(c) of the Electricity Act, the Lieutenant- Governor in Council acknowledges receipt of a description of the recruitment, assessment and selection processes used in making nominations for the position of President and Chief Executive Officer of the New Brunswick Power Corporation, and the results of the processes. 3. Under subsections 23(1) and 23(2) of the Electricity Act, the Lieutenant-Governor in Council appoints Keith Cronkhite, Fredericton, New Brunswick, as President and Chief Executive Officer of the New Brunswick Power Corporation, from among persons nominated by the board of directors ofthe New Brunswick Power Corporation, for a term ofthree years, effective April 1, 2020. 4. Under subsections 23(4) and 23(5) of the Electricity Act, the Lieutenant-Governor in Council determines the annual remuneration of the President and Chief Executive Officer of the New Brunswick Power Corporation to be $450,000.00 44 l Brenda L. Murphy Lieutenant-Governor This is to certify that the foregoing is a true copy of an Order of the Lieutenant-Governor in Council of the Je certifie que le document qui precede est une copie conforme d'un decret du lieutenant-gouverneur en conseil Province of New Brunswick, made on the de la province du Nouveau-Brunswick, pris le 12 March 2020. Secretary to Cabinet / Secretaire du Cabinet latc Kg, buoo",https://ijf-next-frontend-git-apt-ijf.vercel.app/appointments/a0228d1e72c2b353b40188de3ebf7533
Cathy Graham,director,Finance and Treasury Board,,nb,2020-03-20,2020-06-16,,2 years,,,True,OIC2020-067E,apt/nb/apt-nb-8f65481cadbc8ea42675765af0093aca-OIC2020-067E*2020-03-20*Finance_and_Treasury_Board-2025-01-27T18:22:47,"67 MARCH 20, 2020 2020-67 Under subsection 4(1) ofthe New Brunswick Municipal Finance Corporation Act, the Lieutenant-Governor in Council reappoints Cathy Graham, Saint John, New Brunswick, as a director of the New Brunswick Municipal Finance Corporation, for a term of two years, effective June 16, 2020. • .rt% Brenda L. Murphy Lieutenant-Governor This is to certify that the foregoing is a true copy of an Order of the Lieutenant-Governor in Council of the Je certifie que le document qui precede est une copie conforme d'un decret du lieutenant-gouverneur en conseil Province of New Brunswick, made on the de la province du Nouveau-Brunswick, pris le 20 March 2020. Secretary to Cabinet / Secretaire du Cabinet ht 6con\kega@ .",https://ijf-next-frontend-git-apt-ijf.vercel.app/appointments/5db39c9425b5e9a335d2207eb2ea5c8f
Christien Goguen,Occupational Health and Safety Officer,Post-Secondary Education Training and Labour,,nb,2020-03-26,2020-03-26,,,,,False,OIC2020-079E,apt/nb/apt-nb-b68919b0f1aeac09beaea1e267d89e5c-OIC2020-079E*2020-03-26*Post-Secondary_Education_Training_and_Labour-2025-01-27T18:22:47,"79 MARCH 26, 2020 2020-79 Under subsection 5(1) of the Occupational Health and Safeety Act, the Lieutenant-Governor in Council appoints the following individuals as Occupational Health and Safety Officers, effective March 26, 2020: (a) Stephanie Nicholson, Fredericton, New Brunswick; (b) Katrina Staples, Grafton, New Brunswick; (c) Johannes Doerner, Saint John, New Brunswick; (d) Dave Duguay, Tracadie, New Brunswick; and (e) Christien Goguen, Sainte-Antoine, New Brunswick. Brenda L. Murphy Lieutenant-Governor This is to certify that the foregoing is a true copy of an Order of the Lieutenant-Governor in Council of the Je certifie que le document qui precede est une copie conforme d'un decret du lieutenant-gouverneur en conseil Province of New Brunswick, made on the de la province du Nouveau-Brunswick, pris le 26 March 2020.",https://ijf-next-frontend-git-apt-ijf.vercel.app/appointments/3b4a6803750656025867fba147e75a23
Dave Duguay,Occupational Health and Safety Officer,Post-Secondary Education Training and Labour,,nb,2020-03-26,2020-03-26,,,,,False,OIC2020-079E,apt/nb/apt-nb-b68919b0f1aeac09beaea1e267d89e5c-OIC2020-079E*2020-03-26*Post-Secondary_Education_Training_and_Labour-2025-01-27T18:22:47,"79 MARCH 26, 2020 2020-79 Under subsection 5(1) of the Occupational Health and Safeety Act, the Lieutenant-Governor in Council appoints the following individuals as Occupational Health and Safety Officers, effective March 26, 2020: (a) Stephanie Nicholson, Fredericton, New Brunswick; (b) Katrina Staples, Grafton, New Brunswick; (c) Johannes Doerner, Saint John, New Brunswick; (d) Dave Duguay, Tracadie, New Brunswick; and (e) Christien Goguen, Sainte-Antoine, New Brunswick. Brenda L. Murphy Lieutenant-Governor This is to certify that the foregoing is a true copy of an Order of the Lieutenant-Governor in Council of the Je certifie que le document qui precede est une copie conforme d'un decret du lieutenant-gouverneur en conseil Province of New Brunswick, made on the de la province du Nouveau-Brunswick, pris le 26 March 2020.",https://ijf-next-frontend-git-apt-ijf.vercel.app/appointments/a60b7bc8d43b1000e028ef76c738da4a
Johannes Doerner,Occupational Health and Safety Officer,Post-Secondary Education Training and Labour,,nb,2020-03-26,2020-03-26,,,,,False,OIC2020-079E,apt/nb/apt-nb-b68919b0f1aeac09beaea1e267d89e5c-OIC2020-079E*2020-03-26*Post-Secondary_Education_Training_and_Labour-2025-01-27T18:22:47,"79 MARCH 26, 2020 2020-79 Under subsection 5(1) of the Occupational Health and Safeety Act, the Lieutenant-Governor in Council appoints the following individuals as Occupational Health and Safety Officers, effective March 26, 2020: (a) Stephanie Nicholson, Fredericton, New Brunswick; (b) Katrina Staples, Grafton, New Brunswick; (c) Johannes Doerner, Saint John, New Brunswick; (d) Dave Duguay, Tracadie, New Brunswick; and (e) Christien Goguen, Sainte-Antoine, New Brunswick. Brenda L. Murphy Lieutenant-Governor This is to certify that the foregoing is a true copy of an Order of the Lieutenant-Governor in Council of the Je certifie que le document qui precede est une copie conforme d'un decret du lieutenant-gouverneur en conseil Province of New Brunswick, made on the de la province du Nouveau-Brunswick, pris le 26 March 2020.",https://ijf-next-frontend-git-apt-ijf.vercel.app/appointments/759f130ee4f77dd42f30fa9d3711bc65
Katrina Staples,Occupational Health and Safety Officer,Post-Secondary Education Training and Labour,,nb,2020-03-26,2020-03-26,,,,,False,OIC2020-079E,apt/nb/apt-nb-b68919b0f1aeac09beaea1e267d89e5c-OIC2020-079E*2020-03-26*Post-Secondary_Education_Training_and_Labour-2025-01-27T18:22:47,"79 MARCH 26, 2020 2020-79 Under subsection 5(1) of the Occupational Health and Safeety Act, the Lieutenant-Governor in Council appoints the following individuals as Occupational Health and Safety Officers, effective March 26, 2020: (a) Stephanie Nicholson, Fredericton, New Brunswick; (b) Katrina Staples, Grafton, New Brunswick; (c) Johannes Doerner, Saint John, New Brunswick; (d) Dave Duguay, Tracadie, New Brunswick; and (e) Christien Goguen, Sainte-Antoine, New Brunswick. Brenda L. Murphy Lieutenant-Governor This is to certify that the foregoing is a true copy of an Order of the Lieutenant-Governor in Council of the Je certifie que le document qui precede est une copie conforme d'un decret du lieutenant-gouverneur en conseil Province of New Brunswick, made on the de la province du Nouveau-Brunswick, pris le 26 March 2020.",https://ijf-next-frontend-git-apt-ijf.vercel.app/appointments/0bdd5d21ba1ebe4b682b1e6ebd64fea2
Stephanie Nicholson,Occupational Health and Safety Officer,Post-Secondary Education Training and Labour,,nb,2020-03-26,2020-03-26,,,,,False,OIC2020-079E,apt/nb/apt-nb-b68919b0f1aeac09beaea1e267d89e5c-OIC2020-079E*2020-03-26*Post-Secondary_Education_Training_and_Labour-2025-01-27T18:22:47,"79 MARCH 26, 2020 2020-79 Under subsection 5(1) of the Occupational Health and Safeety Act, the Lieutenant-Governor in Council appoints the following individuals as Occupational Health and Safety Officers, effective March 26, 2020: (a) Stephanie Nicholson, Fredericton, New Brunswick; (b) Katrina Staples, Grafton, New Brunswick; (c) Johannes Doerner, Saint John, New Brunswick; (d) Dave Duguay, Tracadie, New Brunswick; and (e) Christien Goguen, Sainte-Antoine, New Brunswick. Brenda L. Murphy Lieutenant-Governor This is to certify that the foregoing is a true copy of an Order of the Lieutenant-Governor in Council of the Je certifie que le document qui precede est une copie conforme d'un decret du lieutenant-gouverneur en conseil Province of New Brunswick, made on the de la province du Nouveau-Brunswick, pris le 26 March 2020.",https://ijf-next-frontend-git-apt-ijf.vercel.app/appointments/9ecfd1b7264f605f66e3112ce8817dd3
Daniel Mills,Deputy Minister,Executive Council Office,,nb,2020-04-09,2020-04-09,,,,,False,OIC2020-088E,apt/nb/apt-nb-c1e64a9c6c97165cc9366381fbcba377-OIC2020-088E*2020-04-09*Executive_Council_Office-2025-01-27T18:22:47,"88 APRIL 9, 2020 2020-88 1. Under subsection 3 of the Civil Service Act, the Lieutenant- Governor in Council appoints Daniel Mills as Deputy Minister of Post Secondary Education, Training and Labour, effective April 9, 2020. 2. Under subsection 3(3) of the Civil Service Act and sections 26 and 27 of the Interpretation Act, the Lieutenant-Governor in Council revokes section 3 of Order in Council 2020-35 dated February 13, 2020. Brenda L. Murphy Lieutenant-Governor This is to certify that the foregoing is a true copy of an Order of the Lieutenant-Governor in Council of the Je certifie que le document qui precede est une copie conforme d'un decret du lieutenant-gouverneur en conseil Province of New Brunswick, made on the de la province du Nouveau-Brunswick, pris le 9 April 2020. Secretary to Cabinet / Secretai+re du Caybinoe t Boo, }-tl ca",https://ijf-next-frontend-git-apt-ijf.vercel.app/appointments/2f30265666a18f6a75cc85f95bc1ecee
Bert Cyr,alternate Chair,Health,,nb,2020-04-23,2020-04-23,,5 years,,,False,OIC2020-090E,apt/nb/apt-nb-26e723cb63a3423e304082d5a61e572b-OIC2020-090E*2020-04-23*Health-2025-01-27T18:22:47,"90 APRIL 23, 2020 2020-90 1. Under subsection 7.5(1) of the Mental Health Act and subsection 8(3) of New Brunswick Regulation 94-33 under the Mental Health Act, the Lieutenant-Governor in Council appoints Sylvie Godin-Charest, Dieppe, New Brunswick, as alternate Chair of the Mental Health Tribunal, South, (zones, 1, 2, 3 and 7), for a term of five years, effective April 23, 2020. 2. Under subsection 7.5( 1) of the Mental Health Act and subsection 8(1) of New Brunswick Regulation 94-33 under the Mental Health Act, the Lieutenant-Governor in Council appoints Christine Couturier, Dieppe, New Brunswick, as a member of the Mental Health Tribunal, South, (zones, 1, 2, 3 and 7), for a term of five years, effective April 23, 2020. 3. Under subsection 7.5(1) of the Mental Health Act and subsection 8(3) of New Brunswick Regulation 94-33 under the Mental Health Act, the Lieutenant-Governor in Council appoints Johanne Theriault, Bathurst, New Brunswick, as alternate Chair of the Mental Health Tribunal, North, (zones, 4, 5 and 6), for a term of five years, effective April 23, 2020. 4. Under subsection 30(1) of the Mental Health Act and paragraph 17.2(1 )(a) of New Brunswick Regulation 94-33 under the Mental Health Act, the Lieutenant-Governor in Council appoints Daniel Leger, Dieppe, New Brunswick, Chair of the Mental Health Review Board, South, (zones 1, 2, 3 and 7), for a term of five years, effective April 23, 2020. 90 - 2 5. Under subsection 30(1) ofthe Mental Health Act and subsection 17.2(2) of New Brunswick Regulation 94-33 under the Mental Health Act, the Lieutenant-Governor in Council appoints Genevieve Jean, Shippagan, New Brunswick, alternate Chair of the Mental Health Review Board, North {zones 4, 5 and 6), for a term of five years, effective April 23, 2020. 6. Under subsection 30(1) of the Mental Health Act and subsection 17.2(2) of New Brunswick Regulation 94-33 under the Mental Health Act, the Lieutenant-Governor in Council appoints Bert Cyr, Dieppe, New Brunswick, alternate Chair of the Mental Health Review Board, South, {zones 1, 2, 3 and 7), for a term of five years, effective April 23, 2020. 7. Under subsection 30(1) of the Mental Health Act and paragraph 17.2(1 ){b} of New Brunswick Regulation 94-33 under the Mental Health Act, the Lieutenant-Governor in Council appoints Dr. Margo Rioux, Dieppe, New Brunswick, psychiatrist of the Mental Health Review Board, {all zones), for a term of five years, effective April 23, 2020. 8. Under subsection 7.5(1) of the Mental Health Act and section 26 of the Interpretation Act, the Lieutenant-Governor in Council revokes sections 1 and 2 of Order in Council 2019-168 dated September 12, 2019. Brenda L. Murphy Lieutenant-Governor This is to certify that the foregoing is a true copy of an Order of the Lieutenant-Governor in Council of the Je certifie que le document qui precede est une copie conforme d'un decret du lieutenant-gouverneur en conseil Province of New Brunswick, made on the de la province du Nouveau-Brunswick, pris le 23 April 2020.",https://ijf-next-frontend-git-apt-ijf.vercel.app/appointments/6f0dbf6596489d971bf51bd2a4ebe6ae
Christine Couturier,member,Health,,nb,2020-04-23,2020-04-23,,5 years,,,False,OIC2020-090E,apt/nb/apt-nb-26e723cb63a3423e304082d5a61e572b-OIC2020-090E*2020-04-23*Health-2025-01-27T18:22:47,"90 APRIL 23, 2020 2020-90 1. Under subsection 7.5(1) of the Mental Health Act and subsection 8(3) of New Brunswick Regulation 94-33 under the Mental Health Act, the Lieutenant-Governor in Council appoints Sylvie Godin-Charest, Dieppe, New Brunswick, as alternate Chair of the Mental Health Tribunal, South, (zones, 1, 2, 3 and 7), for a term of five years, effective April 23, 2020. 2. Under subsection 7.5( 1) of the Mental Health Act and subsection 8(1) of New Brunswick Regulation 94-33 under the Mental Health Act, the Lieutenant-Governor in Council appoints Christine Couturier, Dieppe, New Brunswick, as a member of the Mental Health Tribunal, South, (zones, 1, 2, 3 and 7), for a term of five years, effective April 23, 2020. 3. Under subsection 7.5(1) of the Mental Health Act and subsection 8(3) of New Brunswick Regulation 94-33 under the Mental Health Act, the Lieutenant-Governor in Council appoints Johanne Theriault, Bathurst, New Brunswick, as alternate Chair of the Mental Health Tribunal, North, (zones, 4, 5 and 6), for a term of five years, effective April 23, 2020. 4. Under subsection 30(1) of the Mental Health Act and paragraph 17.2(1 )(a) of New Brunswick Regulation 94-33 under the Mental Health Act, the Lieutenant-Governor in Council appoints Daniel Leger, Dieppe, New Brunswick, Chair of the Mental Health Review Board, South, (zones 1, 2, 3 and 7), for a term of five years, effective April 23, 2020. 90 - 2 5. Under subsection 30(1) ofthe Mental Health Act and subsection 17.2(2) of New Brunswick Regulation 94-33 under the Mental Health Act, the Lieutenant-Governor in Council appoints Genevieve Jean, Shippagan, New Brunswick, alternate Chair of the Mental Health Review Board, North {zones 4, 5 and 6), for a term of five years, effective April 23, 2020. 6. Under subsection 30(1) of the Mental Health Act and subsection 17.2(2) of New Brunswick Regulation 94-33 under the Mental Health Act, the Lieutenant-Governor in Council appoints Bert Cyr, Dieppe, New Brunswick, alternate Chair of the Mental Health Review Board, South, {zones 1, 2, 3 and 7), for a term of five years, effective April 23, 2020. 7. Under subsection 30(1) of the Mental Health Act and paragraph 17.2(1 ){b} of New Brunswick Regulation 94-33 under the Mental Health Act, the Lieutenant-Governor in Council appoints Dr. Margo Rioux, Dieppe, New Brunswick, psychiatrist of the Mental Health Review Board, {all zones), for a term of five years, effective April 23, 2020. 8. Under subsection 7.5(1) of the Mental Health Act and section 26 of the Interpretation Act, the Lieutenant-Governor in Council revokes sections 1 and 2 of Order in Council 2019-168 dated September 12, 2019. Brenda L. Murphy Lieutenant-Governor This is to certify that the foregoing is a true copy of an Order of the Lieutenant-Governor in Council of the Je certifie que le document qui precede est une copie conforme d'un decret du lieutenant-gouverneur en conseil Province of New Brunswick, made on the de la province du Nouveau-Brunswick, pris le 23 April 2020.",https://ijf-next-frontend-git-apt-ijf.vercel.app/appointments/0be8db27a63575116f60f16ae07c8da2
Daniel Leger,Chair,Health,,nb,2020-04-23,2020-04-23,,5 years,,,False,OIC2020-090E,apt/nb/apt-nb-26e723cb63a3423e304082d5a61e572b-OIC2020-090E*2020-04-23*Health-2025-01-27T18:22:47,"90 APRIL 23, 2020 2020-90 1. Under subsection 7.5(1) of the Mental Health Act and subsection 8(3) of New Brunswick Regulation 94-33 under the Mental Health Act, the Lieutenant-Governor in Council appoints Sylvie Godin-Charest, Dieppe, New Brunswick, as alternate Chair of the Mental Health Tribunal, South, (zones, 1, 2, 3 and 7), for a term of five years, effective April 23, 2020. 2. Under subsection 7.5( 1) of the Mental Health Act and subsection 8(1) of New Brunswick Regulation 94-33 under the Mental Health Act, the Lieutenant-Governor in Council appoints Christine Couturier, Dieppe, New Brunswick, as a member of the Mental Health Tribunal, South, (zones, 1, 2, 3 and 7), for a term of five years, effective April 23, 2020. 3. Under subsection 7.5(1) of the Mental Health Act and subsection 8(3) of New Brunswick Regulation 94-33 under the Mental Health Act, the Lieutenant-Governor in Council appoints Johanne Theriault, Bathurst, New Brunswick, as alternate Chair of the Mental Health Tribunal, North, (zones, 4, 5 and 6), for a term of five years, effective April 23, 2020. 4. Under subsection 30(1) of the Mental Health Act and paragraph 17.2(1 )(a) of New Brunswick Regulation 94-33 under the Mental Health Act, the Lieutenant-Governor in Council appoints Daniel Leger, Dieppe, New Brunswick, Chair of the Mental Health Review Board, South, (zones 1, 2, 3 and 7), for a term of five years, effective April 23, 2020. 90 - 2 5. Under subsection 30(1) ofthe Mental Health Act and subsection 17.2(2) of New Brunswick Regulation 94-33 under the Mental Health Act, the Lieutenant-Governor in Council appoints Genevieve Jean, Shippagan, New Brunswick, alternate Chair of the Mental Health Review Board, North {zones 4, 5 and 6), for a term of five years, effective April 23, 2020. 6. Under subsection 30(1) of the Mental Health Act and subsection 17.2(2) of New Brunswick Regulation 94-33 under the Mental Health Act, the Lieutenant-Governor in Council appoints Bert Cyr, Dieppe, New Brunswick, alternate Chair of the Mental Health Review Board, South, {zones 1, 2, 3 and 7), for a term of five years, effective April 23, 2020. 7. Under subsection 30(1) of the Mental Health Act and paragraph 17.2(1 ){b} of New Brunswick Regulation 94-33 under the Mental Health Act, the Lieutenant-Governor in Council appoints Dr. Margo Rioux, Dieppe, New Brunswick, psychiatrist of the Mental Health Review Board, {all zones), for a term of five years, effective April 23, 2020. 8. Under subsection 7.5(1) of the Mental Health Act and section 26 of the Interpretation Act, the Lieutenant-Governor in Council revokes sections 1 and 2 of Order in Council 2019-168 dated September 12, 2019. Brenda L. Murphy Lieutenant-Governor This is to certify that the foregoing is a true copy of an Order of the Lieutenant-Governor in Council of the Je certifie que le document qui precede est une copie conforme d'un decret du lieutenant-gouverneur en conseil Province of New Brunswick, made on the de la province du Nouveau-Brunswick, pris le 23 April 2020.",https://ijf-next-frontend-git-apt-ijf.vercel.app/appointments/077ef7a632910ca36b7932a5d286bd2d
Genevieve Jean,alternate Chair,Health,,nb,2020-04-23,2020-04-23,,5 years,,,False,OIC2020-090E,apt/nb/apt-nb-26e723cb63a3423e304082d5a61e572b-OIC2020-090E*2020-04-23*Health-2025-01-27T18:22:47,"90 APRIL 23, 2020 2020-90 1. Under subsection 7.5(1) of the Mental Health Act and subsection 8(3) of New Brunswick Regulation 94-33 under the Mental Health Act, the Lieutenant-Governor in Council appoints Sylvie Godin-Charest, Dieppe, New Brunswick, as alternate Chair of the Mental Health Tribunal, South, (zones, 1, 2, 3 and 7), for a term of five years, effective April 23, 2020. 2. Under subsection 7.5( 1) of the Mental Health Act and subsection 8(1) of New Brunswick Regulation 94-33 under the Mental Health Act, the Lieutenant-Governor in Council appoints Christine Couturier, Dieppe, New Brunswick, as a member of the Mental Health Tribunal, South, (zones, 1, 2, 3 and 7), for a term of five years, effective April 23, 2020. 3. Under subsection 7.5(1) of the Mental Health Act and subsection 8(3) of New Brunswick Regulation 94-33 under the Mental Health Act, the Lieutenant-Governor in Council appoints Johanne Theriault, Bathurst, New Brunswick, as alternate Chair of the Mental Health Tribunal, North, (zones, 4, 5 and 6), for a term of five years, effective April 23, 2020. 4. Under subsection 30(1) of the Mental Health Act and paragraph 17.2(1 )(a) of New Brunswick Regulation 94-33 under the Mental Health Act, the Lieutenant-Governor in Council appoints Daniel Leger, Dieppe, New Brunswick, Chair of the Mental Health Review Board, South, (zones 1, 2, 3 and 7), for a term of five years, effective April 23, 2020. 90 - 2 5. Under subsection 30(1) ofthe Mental Health Act and subsection 17.2(2) of New Brunswick Regulation 94-33 under the Mental Health Act, the Lieutenant-Governor in Council appoints Genevieve Jean, Shippagan, New Brunswick, alternate Chair of the Mental Health Review Board, North {zones 4, 5 and 6), for a term of five years, effective April 23, 2020. 6. Under subsection 30(1) of the Mental Health Act and subsection 17.2(2) of New Brunswick Regulation 94-33 under the Mental Health Act, the Lieutenant-Governor in Council appoints Bert Cyr, Dieppe, New Brunswick, alternate Chair of the Mental Health Review Board, South, {zones 1, 2, 3 and 7), for a term of five years, effective April 23, 2020. 7. Under subsection 30(1) of the Mental Health Act and paragraph 17.2(1 ){b} of New Brunswick Regulation 94-33 under the Mental Health Act, the Lieutenant-Governor in Council appoints Dr. Margo Rioux, Dieppe, New Brunswick, psychiatrist of the Mental Health Review Board, {all zones), for a term of five years, effective April 23, 2020. 8. Under subsection 7.5(1) of the Mental Health Act and section 26 of the Interpretation Act, the Lieutenant-Governor in Council revokes sections 1 and 2 of Order in Council 2019-168 dated September 12, 2019. Brenda L. Murphy Lieutenant-Governor This is to certify that the foregoing is a true copy of an Order of the Lieutenant-Governor in Council of the Je certifie que le document qui precede est une copie conforme d'un decret du lieutenant-gouverneur en conseil Province of New Brunswick, made on the de la province du Nouveau-Brunswick, pris le 23 April 2020.",https://ijf-next-frontend-git-apt-ijf.vercel.app/appointments/eb880bc0f1ffc2334d9f1710d31f1024
Johanne Theriault,alternate Chair,Health,,nb,2020-04-23,2020-04-23,,5 years,,,False,OIC2020-090E,apt/nb/apt-nb-26e723cb63a3423e304082d5a61e572b-OIC2020-090E*2020-04-23*Health-2025-01-27T18:22:47,"90 APRIL 23, 2020 2020-90 1. Under subsection 7.5(1) of the Mental Health Act and subsection 8(3) of New Brunswick Regulation 94-33 under the Mental Health Act, the Lieutenant-Governor in Council appoints Sylvie Godin-Charest, Dieppe, New Brunswick, as alternate Chair of the Mental Health Tribunal, South, (zones, 1, 2, 3 and 7), for a term of five years, effective April 23, 2020. 2. Under subsection 7.5( 1) of the Mental Health Act and subsection 8(1) of New Brunswick Regulation 94-33 under the Mental Health Act, the Lieutenant-Governor in Council appoints Christine Couturier, Dieppe, New Brunswick, as a member of the Mental Health Tribunal, South, (zones, 1, 2, 3 and 7), for a term of five years, effective April 23, 2020. 3. Under subsection 7.5(1) of the Mental Health Act and subsection 8(3) of New Brunswick Regulation 94-33 under the Mental Health Act, the Lieutenant-Governor in Council appoints Johanne Theriault, Bathurst, New Brunswick, as alternate Chair of the Mental Health Tribunal, North, (zones, 4, 5 and 6), for a term of five years, effective April 23, 2020. 4. Under subsection 30(1) of the Mental Health Act and paragraph 17.2(1 )(a) of New Brunswick Regulation 94-33 under the Mental Health Act, the Lieutenant-Governor in Council appoints Daniel Leger, Dieppe, New Brunswick, Chair of the Mental Health Review Board, South, (zones 1, 2, 3 and 7), for a term of five years, effective April 23, 2020. 90 - 2 5. Under subsection 30(1) ofthe Mental Health Act and subsection 17.2(2) of New Brunswick Regulation 94-33 under the Mental Health Act, the Lieutenant-Governor in Council appoints Genevieve Jean, Shippagan, New Brunswick, alternate Chair of the Mental Health Review Board, North {zones 4, 5 and 6), for a term of five years, effective April 23, 2020. 6. Under subsection 30(1) of the Mental Health Act and subsection 17.2(2) of New Brunswick Regulation 94-33 under the Mental Health Act, the Lieutenant-Governor in Council appoints Bert Cyr, Dieppe, New Brunswick, alternate Chair of the Mental Health Review Board, South, {zones 1, 2, 3 and 7), for a term of five years, effective April 23, 2020. 7. Under subsection 30(1) of the Mental Health Act and paragraph 17.2(1 ){b} of New Brunswick Regulation 94-33 under the Mental Health Act, the Lieutenant-Governor in Council appoints Dr. Margo Rioux, Dieppe, New Brunswick, psychiatrist of the Mental Health Review Board, {all zones), for a term of five years, effective April 23, 2020. 8. Under subsection 7.5(1) of the Mental Health Act and section 26 of the Interpretation Act, the Lieutenant-Governor in Council revokes sections 1 and 2 of Order in Council 2019-168 dated September 12, 2019. Brenda L. Murphy Lieutenant-Governor This is to certify that the foregoing is a true copy of an Order of the Lieutenant-Governor in Council of the Je certifie que le document qui precede est une copie conforme d'un decret du lieutenant-gouverneur en conseil Province of New Brunswick, made on the de la province du Nouveau-Brunswick, pris le 23 April 2020.",https://ijf-next-frontend-git-apt-ijf.vercel.app/appointments/37e00a097d265800a024c417b1658aa0
Margo Rioux,psychiatrist,Health,,nb,2020-04-23,2020-04-23,,5 years,,,False,OIC2020-090E,apt/nb/apt-nb-26e723cb63a3423e304082d5a61e572b-OIC2020-090E*2020-04-23*Health-2025-01-27T18:22:47,"90 APRIL 23, 2020 2020-90 1. Under subsection 7.5(1) of the Mental Health Act and subsection 8(3) of New Brunswick Regulation 94-33 under the Mental Health Act, the Lieutenant-Governor in Council appoints Sylvie Godin-Charest, Dieppe, New Brunswick, as alternate Chair of the Mental Health Tribunal, South, (zones, 1, 2, 3 and 7), for a term of five years, effective April 23, 2020. 2. Under subsection 7.5( 1) of the Mental Health Act and subsection 8(1) of New Brunswick Regulation 94-33 under the Mental Health Act, the Lieutenant-Governor in Council appoints Christine Couturier, Dieppe, New Brunswick, as a member of the Mental Health Tribunal, South, (zones, 1, 2, 3 and 7), for a term of five years, effective April 23, 2020. 3. Under subsection 7.5(1) of the Mental Health Act and subsection 8(3) of New Brunswick Regulation 94-33 under the Mental Health Act, the Lieutenant-Governor in Council appoints Johanne Theriault, Bathurst, New Brunswick, as alternate Chair of the Mental Health Tribunal, North, (zones, 4, 5 and 6), for a term of five years, effective April 23, 2020. 4. Under subsection 30(1) of the Mental Health Act and paragraph 17.2(1 )(a) of New Brunswick Regulation 94-33 under the Mental Health Act, the Lieutenant-Governor in Council appoints Daniel Leger, Dieppe, New Brunswick, Chair of the Mental Health Review Board, South, (zones 1, 2, 3 and 7), for a term of five years, effective April 23, 2020. 90 - 2 5. Under subsection 30(1) ofthe Mental Health Act and subsection 17.2(2) of New Brunswick Regulation 94-33 under the Mental Health Act, the Lieutenant-Governor in Council appoints Genevieve Jean, Shippagan, New Brunswick, alternate Chair of the Mental Health Review Board, North {zones 4, 5 and 6), for a term of five years, effective April 23, 2020. 6. Under subsection 30(1) of the Mental Health Act and subsection 17.2(2) of New Brunswick Regulation 94-33 under the Mental Health Act, the Lieutenant-Governor in Council appoints Bert Cyr, Dieppe, New Brunswick, alternate Chair of the Mental Health Review Board, South, {zones 1, 2, 3 and 7), for a term of five years, effective April 23, 2020. 7. Under subsection 30(1) of the Mental Health Act and paragraph 17.2(1 ){b} of New Brunswick Regulation 94-33 under the Mental Health Act, the Lieutenant-Governor in Council appoints Dr. Margo Rioux, Dieppe, New Brunswick, psychiatrist of the Mental Health Review Board, {all zones), for a term of five years, effective April 23, 2020. 8. Under subsection 7.5(1) of the Mental Health Act and section 26 of the Interpretation Act, the Lieutenant-Governor in Council revokes sections 1 and 2 of Order in Council 2019-168 dated September 12, 2019. Brenda L. Murphy Lieutenant-Governor This is to certify that the foregoing is a true copy of an Order of the Lieutenant-Governor in Council of the Je certifie que le document qui precede est une copie conforme d'un decret du lieutenant-gouverneur en conseil Province of New Brunswick, made on the de la province du Nouveau-Brunswick, pris le 23 April 2020.",https://ijf-next-frontend-git-apt-ijf.vercel.app/appointments/eb4248961e53b30e77d6863cc03537df
Sylvie Godin-Charest,alternate Chair,Health,,nb,2020-04-23,2020-04-23,,5 years,,,False,OIC2020-090E,apt/nb/apt-nb-26e723cb63a3423e304082d5a61e572b-OIC2020-090E*2020-04-23*Health-2025-01-27T18:22:47,"90 APRIL 23, 2020 2020-90 1. Under subsection 7.5(1) of the Mental Health Act and subsection 8(3) of New Brunswick Regulation 94-33 under the Mental Health Act, the Lieutenant-Governor in Council appoints Sylvie Godin-Charest, Dieppe, New Brunswick, as alternate Chair of the Mental Health Tribunal, South, (zones, 1, 2, 3 and 7), for a term of five years, effective April 23, 2020. 2. Under subsection 7.5( 1) of the Mental Health Act and subsection 8(1) of New Brunswick Regulation 94-33 under the Mental Health Act, the Lieutenant-Governor in Council appoints Christine Couturier, Dieppe, New Brunswick, as a member of the Mental Health Tribunal, South, (zones, 1, 2, 3 and 7), for a term of five years, effective April 23, 2020. 3. Under subsection 7.5(1) of the Mental Health Act and subsection 8(3) of New Brunswick Regulation 94-33 under the Mental Health Act, the Lieutenant-Governor in Council appoints Johanne Theriault, Bathurst, New Brunswick, as alternate Chair of the Mental Health Tribunal, North, (zones, 4, 5 and 6), for a term of five years, effective April 23, 2020. 4. Under subsection 30(1) of the Mental Health Act and paragraph 17.2(1 )(a) of New Brunswick Regulation 94-33 under the Mental Health Act, the Lieutenant-Governor in Council appoints Daniel Leger, Dieppe, New Brunswick, Chair of the Mental Health Review Board, South, (zones 1, 2, 3 and 7), for a term of five years, effective April 23, 2020. 90 - 2 5. Under subsection 30(1) ofthe Mental Health Act and subsection 17.2(2) of New Brunswick Regulation 94-33 under the Mental Health Act, the Lieutenant-Governor in Council appoints Genevieve Jean, Shippagan, New Brunswick, alternate Chair of the Mental Health Review Board, North {zones 4, 5 and 6), for a term of five years, effective April 23, 2020. 6. Under subsection 30(1) of the Mental Health Act and subsection 17.2(2) of New Brunswick Regulation 94-33 under the Mental Health Act, the Lieutenant-Governor in Council appoints Bert Cyr, Dieppe, New Brunswick, alternate Chair of the Mental Health Review Board, South, {zones 1, 2, 3 and 7), for a term of five years, effective April 23, 2020. 7. Under subsection 30(1) of the Mental Health Act and paragraph 17.2(1 ){b} of New Brunswick Regulation 94-33 under the Mental Health Act, the Lieutenant-Governor in Council appoints Dr. Margo Rioux, Dieppe, New Brunswick, psychiatrist of the Mental Health Review Board, {all zones), for a term of five years, effective April 23, 2020. 8. Under subsection 7.5(1) of the Mental Health Act and section 26 of the Interpretation Act, the Lieutenant-Governor in Council revokes sections 1 and 2 of Order in Council 2019-168 dated September 12, 2019. Brenda L. Murphy Lieutenant-Governor This is to certify that the foregoing is a true copy of an Order of the Lieutenant-Governor in Council of the Je certifie que le document qui precede est une copie conforme d'un decret du lieutenant-gouverneur en conseil Province of New Brunswick, made on the de la province du Nouveau-Brunswick, pris le 23 April 2020.",https://ijf-next-frontend-git-apt-ijf.vercel.app/appointments/e80a015be0bf246e1c3af808f5c81508
Chantal Theriault,member,Executive Council Office,,nb,2020-04-30,2020-04-30,,1 year,,,True,OIC2020-095E,apt/nb/apt-nb-2b5f9c8ec0922317f6ed147e2097c7cb-OIC2020-095E*2020-04-30*Executive_Council_Office-2025-01-27T18:22:47,"95 APRIL 30, 2020 2020-95 1. Under paragraph 8(1 )(c) and subsections 8(3), and 9(1) of the Opportunities New Brunswick Act, the Lieutenant-Governor in Council reappoints the following persons as members to the board of directors fo Opportunities New Brunswick, for a term of one year, effective April 30, 2020: (a) James Baumgartner, Naples, Florida; (b) Mario Caissie, Moncton, New Brunswick; (c) Michael J. Campbell, Florenceville, New Brunswick; (d) Lily Durepos, Grand Falls, New Brunswick; and (e) Chantal Theriault, Saint-Basile, New Brunswick. 2. Under paragraph 8(1 )(c) and subsections 8(3), 9(1) and section 10 of the Opportunities New Brunswick Act, the Lieutenant-Governor in Council appoints Derek G. Pannell, Saint John, New Brunswick, as a member and Chair of the board of directors of Opportunities New Brunswick, for a term of six months, effective April 30, 2020. 3. Under section 10 of the Opportunities New Brunswick Act, the Lieutenant-Governor in Council appoints Mario Caissie, Moncton, New Brunswick, as Vice-Chair of the board of directors of Opportunities New Brunswick, for a term of one year, effective April 30, 2020. Brenda L. Murphy Lie ute n ant-Governor This is to certify that the foregoing is a true copy of an Order of the Lieutenant-Governor in Council of the Je certifie que le document qui precede est une copie conforme d'un decret du lieutenant-gouverneur en conseil Province of New Brunswick, made on the de la province du Nouveau-Brunswick, pris le 30 April 2020. Secretary to Caobinent / Se cretaire du Cabinet KL-» /-2ta.",https://ijf-next-frontend-git-apt-ijf.vercel.app/appointments/d4130576621676192a48281fa789e348
Derek G. Pannell,Chair,Executive Council Office,,nb,2020-04-30,2020-04-30,,6 months,,,False,OIC2020-095E,apt/nb/apt-nb-2b5f9c8ec0922317f6ed147e2097c7cb-OIC2020-095E*2020-04-30*Executive_Council_Office-2025-01-27T18:22:47,"95 APRIL 30, 2020 2020-95 1. Under paragraph 8(1 )(c) and subsections 8(3), and 9(1) of the Opportunities New Brunswick Act, the Lieutenant-Governor in Council reappoints the following persons as members to the board of directors fo Opportunities New Brunswick, for a term of one year, effective April 30, 2020: (a) James Baumgartner, Naples, Florida; (b) Mario Caissie, Moncton, New Brunswick; (c) Michael J. Campbell, Florenceville, New Brunswick; (d) Lily Durepos, Grand Falls, New Brunswick; and (e) Chantal Theriault, Saint-Basile, New Brunswick. 2. Under paragraph 8(1 )(c) and subsections 8(3), 9(1) and section 10 of the Opportunities New Brunswick Act, the Lieutenant-Governor in Council appoints Derek G. Pannell, Saint John, New Brunswick, as a member and Chair of the board of directors of Opportunities New Brunswick, for a term of six months, effective April 30, 2020. 3. Under section 10 of the Opportunities New Brunswick Act, the Lieutenant-Governor in Council appoints Mario Caissie, Moncton, New Brunswick, as Vice-Chair of the board of directors of Opportunities New Brunswick, for a term of one year, effective April 30, 2020. Brenda L. Murphy Lie ute n ant-Governor This is to certify that the foregoing is a true copy of an Order of the Lieutenant-Governor in Council of the Je certifie que le document qui precede est une copie conforme d'un decret du lieutenant-gouverneur en conseil Province of New Brunswick, made on the de la province du Nouveau-Brunswick, pris le 30 April 2020. Secretary to Caobinent / Se cretaire du Cabinet KL-» /-2ta.",https://ijf-next-frontend-git-apt-ijf.vercel.app/appointments/deeca6dc256fcbca90711965e589bbc3
James Baumgartner,member,Executive Council Office,,nb,2020-04-30,2020-04-30,,1 year,,,True,OIC2020-095E,apt/nb/apt-nb-2b5f9c8ec0922317f6ed147e2097c7cb-OIC2020-095E*2020-04-30*Executive_Council_Office-2025-01-27T18:22:47,"95 APRIL 30, 2020 2020-95 1. Under paragraph 8(1 )(c) and subsections 8(3), and 9(1) of the Opportunities New Brunswick Act, the Lieutenant-Governor in Council reappoints the following persons as members to the board of directors fo Opportunities New Brunswick, for a term of one year, effective April 30, 2020: (a) James Baumgartner, Naples, Florida; (b) Mario Caissie, Moncton, New Brunswick; (c) Michael J. Campbell, Florenceville, New Brunswick; (d) Lily Durepos, Grand Falls, New Brunswick; and (e) Chantal Theriault, Saint-Basile, New Brunswick. 2. Under paragraph 8(1 )(c) and subsections 8(3), 9(1) and section 10 of the Opportunities New Brunswick Act, the Lieutenant-Governor in Council appoints Derek G. Pannell, Saint John, New Brunswick, as a member and Chair of the board of directors of Opportunities New Brunswick, for a term of six months, effective April 30, 2020. 3. Under section 10 of the Opportunities New Brunswick Act, the Lieutenant-Governor in Council appoints Mario Caissie, Moncton, New Brunswick, as Vice-Chair of the board of directors of Opportunities New Brunswick, for a term of one year, effective April 30, 2020. Brenda L. Murphy Lie ute n ant-Governor This is to certify that the foregoing is a true copy of an Order of the Lieutenant-Governor in Council of the Je certifie que le document qui precede est une copie conforme d'un decret du lieutenant-gouverneur en conseil Province of New Brunswick, made on the de la province du Nouveau-Brunswick, pris le 30 April 2020. Secretary to Caobinent / Se cretaire du Cabinet KL-» /-2ta.",https://ijf-next-frontend-git-apt-ijf.vercel.app/appointments/6ed2f97289f07292cebf45cc9d90667d
Lily Durepos,member,Executive Council Office,,nb,2020-04-30,2020-04-30,,1 year,,,True,OIC2020-095E,apt/nb/apt-nb-2b5f9c8ec0922317f6ed147e2097c7cb-OIC2020-095E*2020-04-30*Executive_Council_Office-2025-01-27T18:22:47,"95 APRIL 30, 2020 2020-95 1. Under paragraph 8(1 )(c) and subsections 8(3), and 9(1) of the Opportunities New Brunswick Act, the Lieutenant-Governor in Council reappoints the following persons as members to the board of directors fo Opportunities New Brunswick, for a term of one year, effective April 30, 2020: (a) James Baumgartner, Naples, Florida; (b) Mario Caissie, Moncton, New Brunswick; (c) Michael J. Campbell, Florenceville, New Brunswick; (d) Lily Durepos, Grand Falls, New Brunswick; and (e) Chantal Theriault, Saint-Basile, New Brunswick. 2. Under paragraph 8(1 )(c) and subsections 8(3), 9(1) and section 10 of the Opportunities New Brunswick Act, the Lieutenant-Governor in Council appoints Derek G. Pannell, Saint John, New Brunswick, as a member and Chair of the board of directors of Opportunities New Brunswick, for a term of six months, effective April 30, 2020. 3. Under section 10 of the Opportunities New Brunswick Act, the Lieutenant-Governor in Council appoints Mario Caissie, Moncton, New Brunswick, as Vice-Chair of the board of directors of Opportunities New Brunswick, for a term of one year, effective April 30, 2020. Brenda L. Murphy Lie ute n ant-Governor This is to certify that the foregoing is a true copy of an Order of the Lieutenant-Governor in Council of the Je certifie que le document qui precede est une copie conforme d'un decret du lieutenant-gouverneur en conseil Province of New Brunswick, made on the de la province du Nouveau-Brunswick, pris le 30 April 2020. Secretary to Caobinent / Se cretaire du Cabinet KL-» /-2ta.",https://ijf-next-frontend-git-apt-ijf.vercel.app/appointments/1390739f14a2d54e9eaf3c5eaac59809
Mario Caissie,Vice-Chair,Executive Council Office,,nb,2020-04-30,2020-04-30,,1 year,,,False,OIC2020-095E,apt/nb/apt-nb-2b5f9c8ec0922317f6ed147e2097c7cb-OIC2020-095E*2020-04-30*Executive_Council_Office-2025-01-27T18:22:47,"95 APRIL 30, 2020 2020-95 1. Under paragraph 8(1 )(c) and subsections 8(3), and 9(1) of the Opportunities New Brunswick Act, the Lieutenant-Governor in Council reappoints the following persons as members to the board of directors fo Opportunities New Brunswick, for a term of one year, effective April 30, 2020: (a) James Baumgartner, Naples, Florida; (b) Mario Caissie, Moncton, New Brunswick; (c) Michael J. Campbell, Florenceville, New Brunswick; (d) Lily Durepos, Grand Falls, New Brunswick; and (e) Chantal Theriault, Saint-Basile, New Brunswick. 2. Under paragraph 8(1 )(c) and subsections 8(3), 9(1) and section 10 of the Opportunities New Brunswick Act, the Lieutenant-Governor in Council appoints Derek G. Pannell, Saint John, New Brunswick, as a member and Chair of the board of directors of Opportunities New Brunswick, for a term of six months, effective April 30, 2020. 3. Under section 10 of the Opportunities New Brunswick Act, the Lieutenant-Governor in Council appoints Mario Caissie, Moncton, New Brunswick, as Vice-Chair of the board of directors of Opportunities New Brunswick, for a term of one year, effective April 30, 2020. Brenda L. Murphy Lie ute n ant-Governor This is to certify that the foregoing is a true copy of an Order of the Lieutenant-Governor in Council of the Je certifie que le document qui precede est une copie conforme d'un decret du lieutenant-gouverneur en conseil Province of New Brunswick, made on the de la province du Nouveau-Brunswick, pris le 30 April 2020. Secretary to Caobinent / Se cretaire du Cabinet KL-» /-2ta.",https://ijf-next-frontend-git-apt-ijf.vercel.app/appointments/b84cc6ab17db48917ca42f180d446b3e
Mario Caissie,member,Executive Council Office,,nb,2020-04-30,2020-04-30,,1 year,,,True,OIC2020-095E,apt/nb/apt-nb-2b5f9c8ec0922317f6ed147e2097c7cb-OIC2020-095E*2020-04-30*Executive_Council_Office-2025-01-27T18:22:47,"95 APRIL 30, 2020 2020-95 1. Under paragraph 8(1 )(c) and subsections 8(3), and 9(1) of the Opportunities New Brunswick Act, the Lieutenant-Governor in Council reappoints the following persons as members to the board of directors fo Opportunities New Brunswick, for a term of one year, effective April 30, 2020: (a) James Baumgartner, Naples, Florida; (b) Mario Caissie, Moncton, New Brunswick; (c) Michael J. Campbell, Florenceville, New Brunswick; (d) Lily Durepos, Grand Falls, New Brunswick; and (e) Chantal Theriault, Saint-Basile, New Brunswick. 2. Under paragraph 8(1 )(c) and subsections 8(3), 9(1) and section 10 of the Opportunities New Brunswick Act, the Lieutenant-Governor in Council appoints Derek G. Pannell, Saint John, New Brunswick, as a member and Chair of the board of directors of Opportunities New Brunswick, for a term of six months, effective April 30, 2020. 3. Under section 10 of the Opportunities New Brunswick Act, the Lieutenant-Governor in Council appoints Mario Caissie, Moncton, New Brunswick, as Vice-Chair of the board of directors of Opportunities New Brunswick, for a term of one year, effective April 30, 2020. Brenda L. Murphy Lie ute n ant-Governor This is to certify that the foregoing is a true copy of an Order of the Lieutenant-Governor in Council of the Je certifie que le document qui precede est une copie conforme d'un decret du lieutenant-gouverneur en conseil Province of New Brunswick, made on the de la province du Nouveau-Brunswick, pris le 30 April 2020. Secretary to Caobinent / Se cretaire du Cabinet KL-» /-2ta.",https://ijf-next-frontend-git-apt-ijf.vercel.app/appointments/35dd0add283313a06ad0278539015bb3
Michael J. Campbell,member,Executive Council Office,,nb,2020-04-30,2020-04-30,,1 year,,,True,OIC2020-095E,apt/nb/apt-nb-2b5f9c8ec0922317f6ed147e2097c7cb-OIC2020-095E*2020-04-30*Executive_Council_Office-2025-01-27T18:22:47,"95 APRIL 30, 2020 2020-95 1. Under paragraph 8(1 )(c) and subsections 8(3), and 9(1) of the Opportunities New Brunswick Act, the Lieutenant-Governor in Council reappoints the following persons as members to the board of directors fo Opportunities New Brunswick, for a term of one year, effective April 30, 2020: (a) James Baumgartner, Naples, Florida; (b) Mario Caissie, Moncton, New Brunswick; (c) Michael J. Campbell, Florenceville, New Brunswick; (d) Lily Durepos, Grand Falls, New Brunswick; and (e) Chantal Theriault, Saint-Basile, New Brunswick. 2. Under paragraph 8(1 )(c) and subsections 8(3), 9(1) and section 10 of the Opportunities New Brunswick Act, the Lieutenant-Governor in Council appoints Derek G. Pannell, Saint John, New Brunswick, as a member and Chair of the board of directors of Opportunities New Brunswick, for a term of six months, effective April 30, 2020. 3. Under section 10 of the Opportunities New Brunswick Act, the Lieutenant-Governor in Council appoints Mario Caissie, Moncton, New Brunswick, as Vice-Chair of the board of directors of Opportunities New Brunswick, for a term of one year, effective April 30, 2020. Brenda L. Murphy Lie ute n ant-Governor This is to certify that the foregoing is a true copy of an Order of the Lieutenant-Governor in Council of the Je certifie que le document qui precede est une copie conforme d'un decret du lieutenant-gouverneur en conseil Province of New Brunswick, made on the de la province du Nouveau-Brunswick, pris le 30 April 2020. Secretary to Caobinent / Se cretaire du Cabinet KL-» /-2ta.",https://ijf-next-frontend-git-apt-ijf.vercel.app/appointments/1b89112db07fd5bb9e3f3900756841a7
Kelli Simmonds,Chairperson,Executive Council Office,,nb,2020-05-14,2020-05-28,,5 years,,,False,OIC2020-102E,apt/nb/apt-nb-75f7d12aed52fe08a9e5891eefa594af-OIC2020-102E*2020-05-14*Executive_Council_Office-2025-01-27T18:22:47,"102 MAY 14, 2020 2020-102 1. Under subsections 20.1 { 1} and 20.1 (2) of the Workplace Health, Safety and Compensation Commission and Workers' Compensation Appeals Tribunal Act, the Lieutenant-Governor in Council appoints Kelli Simmonds, Fredericton, New Brunswick, as Chairperson of the Workers' Compensation Appeals Tribunal, for a term of five years, effective May 28, 2020. 2. Under subsection 20.3(1} of the Workplace Health, Safety and Compensation Commission and Workers' Compensation Appeals Tribunal Act, the Lieutenant-Governor in Council fixes the remuneration for the Chairperson of the Workers' Compensation Appeals Tribunal at a rate equivalent to Step D, Level I of the Deputy Head Pay Plan, effective May 28, 2020. EA Lieutenant-Governor This is to certify that the foregoing is a true copy of an Order of the Lieutenant-Governor in Council of the Je certifie que le document qui precede est une copie conforme d'un decret du lieutenant-gouverneur en conseil Province of New Brunswick, made on the de la province du Nouveau-Brunswick, pris le 14 May 2020. an Secretary to Cabinet / Secretaire du Cabinet fhckica.",https://ijf-next-frontend-git-apt-ijf.vercel.app/appointments/f317c4e0f18c676fed71cb386fe44bd0
Rebecca Moffatt,President of The Board,"Tourism, Heritage and Culture",,nb,2020-05-14,,2023-05-13,,,,True,OIC2020-101E,"apt/nb/apt-nb-df3e4c344c7efe9f3269d8d8170960a7-OIC2020-101E*2020-05-14*Tourism,_Heritage_and_Culture-2025-01-27T18:22:47","101 MAY 14, 2020 2020-101 Under subsections 3(1), 3(2) and 3(4) of the New Brunswick Museum Act, the Lieutenant-Governor in Council reappoints Rebecca Moffatt, St. Andrews, New Brunswick, as a member, and appoints her as President of The Board of the New Brunswick Museum, for a term ending May 13, 2023. Az Brenda L. Murphy Lieutenant-Governor This is to certify that the foregoing is a true copy of an Order of the Lieutenant-Governor in Council of the Je certifie que le document qui précéde est une copie conforme d’un décret du lieutenant-gouverneur en conseil Province of New Brunswick, made on the de la province du Nouveau-Brunswick, pris le 14 May 2020. Secretary to Cabinet / Secrétaire du Cabinet [4a li ea ren yh “&m f",https://ijf-next-frontend-git-apt-ijf.vercel.app/appointments/fea1c890317a132292b24adda3b7991a
Chris Maxwell,members of the Family Income Security Appeal Board,Social Development,,nb,2020-05-19,2020-05-19,,3 years,,,False,OIC2020-106E,apt/nb/apt-nb-98ea8a4f33c03d729a984d174f85ad32-OIC2020-106E*2020-05-19*Social_Development-2025-01-27T18:22:47,"106 MAY 19, 2020 2020-106 1. Under subsections 24(1) and 24(2) of New Brunswick Regulation 95-61, the General Regulation under the Family Income Security Act, the Lieutenant-Governor in Council appoints the following persons as members of the Family Income Security Appeal Board, for a term of three years, effective May 19, 2020: (a) Jason Godin, Caraquet, New Brunswick, Vice-Chair; (b) Sharon Tucker, St. George, New Brunswick; (c) Melanie Burns, Saint John, New Brunswick; (d) Mark Fisher, Saint John, New Brunswick; (e) Sherry MacEachern, Moncton, New Brunswick; and (f) Chris Maxwell, Sackville, New Brunswick. 2. Under subsections 24(1) and 24(2) of New Brunswick Regulation 95-61, the General Regulation under the Family Income Security Act, the Lieutenant-Governor in Council reappoints the following persons as members of the Family Income Security Appeal Board, for a term of three years, effective May 19, 2020: (a) Roger Senechal, Beresford, New Brunswick; (b) Wilma Gilchrist, Fredericton, New Brunswick; (c) Jami Moore, Fredericton, New Brunswick; (d) Terry Ogilvie, Salisbury, New Brunswick; (e) James Proudfoot, Moncton, New Brunswick; and (f) Zara Morrison, Picadilly, New Brunswick. 106 -2 3. Under subsections 24(1) of New Brunswick Regulation 95-61, the General Regulation under the Family Income Security Act and section 26 of the Interpretation Act, the Lieutenant-Governor in Council revokes section 5 of Order in Council 2018-67, February 22, 2018. 6.22}--r Brenda L. Murphy Lieutenant-Governor This is to certify that the foregoing is a true copy of an Order of the Lieutenant-Governor in Council of the Je certifie que le document qui precede est une copie conforme d'un decret du lieutenant-gouverneur en conseil Province of New Brunswick, made on the 19 May 2020. de la province du Nouveau-Brunswick, pris le",https://ijf-next-frontend-git-apt-ijf.vercel.app/appointments/cbd418f738226a38cc2cc91d225ff489
James Proudfoot,members of the Family Income Security Appeal Board,Social Development,,nb,2020-05-19,2020-05-19,,3 years,,,True,OIC2020-106E,apt/nb/apt-nb-98ea8a4f33c03d729a984d174f85ad32-OIC2020-106E*2020-05-19*Social_Development-2025-01-27T18:22:47,"106 MAY 19, 2020 2020-106 1. Under subsections 24(1) and 24(2) of New Brunswick Regulation 95-61, the General Regulation under the Family Income Security Act, the Lieutenant-Governor in Council appoints the following persons as members of the Family Income Security Appeal Board, for a term of three years, effective May 19, 2020: (a) Jason Godin, Caraquet, New Brunswick, Vice-Chair; (b) Sharon Tucker, St. George, New Brunswick; (c) Melanie Burns, Saint John, New Brunswick; (d) Mark Fisher, Saint John, New Brunswick; (e) Sherry MacEachern, Moncton, New Brunswick; and (f) Chris Maxwell, Sackville, New Brunswick. 2. Under subsections 24(1) and 24(2) of New Brunswick Regulation 95-61, the General Regulation under the Family Income Security Act, the Lieutenant-Governor in Council reappoints the following persons as members of the Family Income Security Appeal Board, for a term of three years, effective May 19, 2020: (a) Roger Senechal, Beresford, New Brunswick; (b) Wilma Gilchrist, Fredericton, New Brunswick; (c) Jami Moore, Fredericton, New Brunswick; (d) Terry Ogilvie, Salisbury, New Brunswick; (e) James Proudfoot, Moncton, New Brunswick; and (f) Zara Morrison, Picadilly, New Brunswick. 106 -2 3. Under subsections 24(1) of New Brunswick Regulation 95-61, the General Regulation under the Family Income Security Act and section 26 of the Interpretation Act, the Lieutenant-Governor in Council revokes section 5 of Order in Council 2018-67, February 22, 2018. 6.22}--r Brenda L. Murphy Lieutenant-Governor This is to certify that the foregoing is a true copy of an Order of the Lieutenant-Governor in Council of the Je certifie que le document qui precede est une copie conforme d'un decret du lieutenant-gouverneur en conseil Province of New Brunswick, made on the 19 May 2020. de la province du Nouveau-Brunswick, pris le",https://ijf-next-frontend-git-apt-ijf.vercel.app/appointments/6070547fa5c96187e4dc29bc19af13d5
Jami Moore,members of the Family Income Security Appeal Board,Social Development,,nb,2020-05-19,2020-05-19,,3 years,,,True,OIC2020-106E,apt/nb/apt-nb-98ea8a4f33c03d729a984d174f85ad32-OIC2020-106E*2020-05-19*Social_Development-2025-01-27T18:22:47,"106 MAY 19, 2020 2020-106 1. Under subsections 24(1) and 24(2) of New Brunswick Regulation 95-61, the General Regulation under the Family Income Security Act, the Lieutenant-Governor in Council appoints the following persons as members of the Family Income Security Appeal Board, for a term of three years, effective May 19, 2020: (a) Jason Godin, Caraquet, New Brunswick, Vice-Chair; (b) Sharon Tucker, St. George, New Brunswick; (c) Melanie Burns, Saint John, New Brunswick; (d) Mark Fisher, Saint John, New Brunswick; (e) Sherry MacEachern, Moncton, New Brunswick; and (f) Chris Maxwell, Sackville, New Brunswick. 2. Under subsections 24(1) and 24(2) of New Brunswick Regulation 95-61, the General Regulation under the Family Income Security Act, the Lieutenant-Governor in Council reappoints the following persons as members of the Family Income Security Appeal Board, for a term of three years, effective May 19, 2020: (a) Roger Senechal, Beresford, New Brunswick; (b) Wilma Gilchrist, Fredericton, New Brunswick; (c) Jami Moore, Fredericton, New Brunswick; (d) Terry Ogilvie, Salisbury, New Brunswick; (e) James Proudfoot, Moncton, New Brunswick; and (f) Zara Morrison, Picadilly, New Brunswick. 106 -2 3. Under subsections 24(1) of New Brunswick Regulation 95-61, the General Regulation under the Family Income Security Act and section 26 of the Interpretation Act, the Lieutenant-Governor in Council revokes section 5 of Order in Council 2018-67, February 22, 2018. 6.22}--r Brenda L. Murphy Lieutenant-Governor This is to certify that the foregoing is a true copy of an Order of the Lieutenant-Governor in Council of the Je certifie que le document qui precede est une copie conforme d'un decret du lieutenant-gouverneur en conseil Province of New Brunswick, made on the 19 May 2020. de la province du Nouveau-Brunswick, pris le",https://ijf-next-frontend-git-apt-ijf.vercel.app/appointments/72cca0a4e343fb52e8d2f9bc8bf54475
Jason Godin,"Vice-Chair, members of the Family Income Security Appeal Board",Social Development,,nb,2020-05-19,2020-05-19,,3 years,,,False,OIC2020-106E,apt/nb/apt-nb-98ea8a4f33c03d729a984d174f85ad32-OIC2020-106E*2020-05-19*Social_Development-2025-01-27T18:22:47,"106 MAY 19, 2020 2020-106 1. Under subsections 24(1) and 24(2) of New Brunswick Regulation 95-61, the General Regulation under the Family Income Security Act, the Lieutenant-Governor in Council appoints the following persons as members of the Family Income Security Appeal Board, for a term of three years, effective May 19, 2020: (a) Jason Godin, Caraquet, New Brunswick, Vice-Chair; (b) Sharon Tucker, St. George, New Brunswick; (c) Melanie Burns, Saint John, New Brunswick; (d) Mark Fisher, Saint John, New Brunswick; (e) Sherry MacEachern, Moncton, New Brunswick; and (f) Chris Maxwell, Sackville, New Brunswick. 2. Under subsections 24(1) and 24(2) of New Brunswick Regulation 95-61, the General Regulation under the Family Income Security Act, the Lieutenant-Governor in Council reappoints the following persons as members of the Family Income Security Appeal Board, for a term of three years, effective May 19, 2020: (a) Roger Senechal, Beresford, New Brunswick; (b) Wilma Gilchrist, Fredericton, New Brunswick; (c) Jami Moore, Fredericton, New Brunswick; (d) Terry Ogilvie, Salisbury, New Brunswick; (e) James Proudfoot, Moncton, New Brunswick; and (f) Zara Morrison, Picadilly, New Brunswick. 106 -2 3. Under subsections 24(1) of New Brunswick Regulation 95-61, the General Regulation under the Family Income Security Act and section 26 of the Interpretation Act, the Lieutenant-Governor in Council revokes section 5 of Order in Council 2018-67, February 22, 2018. 6.22}--r Brenda L. Murphy Lieutenant-Governor This is to certify that the foregoing is a true copy of an Order of the Lieutenant-Governor in Council of the Je certifie que le document qui precede est une copie conforme d'un decret du lieutenant-gouverneur en conseil Province of New Brunswick, made on the 19 May 2020. de la province du Nouveau-Brunswick, pris le",https://ijf-next-frontend-git-apt-ijf.vercel.app/appointments/ce33e4925023c3b5e4ea995701041284
Mark Fisher,members of the Family Income Security Appeal Board,Social Development,,nb,2020-05-19,2020-05-19,,3 years,,,False,OIC2020-106E,apt/nb/apt-nb-98ea8a4f33c03d729a984d174f85ad32-OIC2020-106E*2020-05-19*Social_Development-2025-01-27T18:22:47,"106 MAY 19, 2020 2020-106 1. Under subsections 24(1) and 24(2) of New Brunswick Regulation 95-61, the General Regulation under the Family Income Security Act, the Lieutenant-Governor in Council appoints the following persons as members of the Family Income Security Appeal Board, for a term of three years, effective May 19, 2020: (a) Jason Godin, Caraquet, New Brunswick, Vice-Chair; (b) Sharon Tucker, St. George, New Brunswick; (c) Melanie Burns, Saint John, New Brunswick; (d) Mark Fisher, Saint John, New Brunswick; (e) Sherry MacEachern, Moncton, New Brunswick; and (f) Chris Maxwell, Sackville, New Brunswick. 2. Under subsections 24(1) and 24(2) of New Brunswick Regulation 95-61, the General Regulation under the Family Income Security Act, the Lieutenant-Governor in Council reappoints the following persons as members of the Family Income Security Appeal Board, for a term of three years, effective May 19, 2020: (a) Roger Senechal, Beresford, New Brunswick; (b) Wilma Gilchrist, Fredericton, New Brunswick; (c) Jami Moore, Fredericton, New Brunswick; (d) Terry Ogilvie, Salisbury, New Brunswick; (e) James Proudfoot, Moncton, New Brunswick; and (f) Zara Morrison, Picadilly, New Brunswick. 106 -2 3. Under subsections 24(1) of New Brunswick Regulation 95-61, the General Regulation under the Family Income Security Act and section 26 of the Interpretation Act, the Lieutenant-Governor in Council revokes section 5 of Order in Council 2018-67, February 22, 2018. 6.22}--r Brenda L. Murphy Lieutenant-Governor This is to certify that the foregoing is a true copy of an Order of the Lieutenant-Governor in Council of the Je certifie que le document qui precede est une copie conforme d'un decret du lieutenant-gouverneur en conseil Province of New Brunswick, made on the 19 May 2020. de la province du Nouveau-Brunswick, pris le",https://ijf-next-frontend-git-apt-ijf.vercel.app/appointments/5abf23e4293b7a26c30f32a7bc8e9708
Melanie Burns,members of the Family Income Security Appeal Board,Social Development,,nb,2020-05-19,2020-05-19,,3 years,,,False,OIC2020-106E,apt/nb/apt-nb-98ea8a4f33c03d729a984d174f85ad32-OIC2020-106E*2020-05-19*Social_Development-2025-01-27T18:22:47,"106 MAY 19, 2020 2020-106 1. Under subsections 24(1) and 24(2) of New Brunswick Regulation 95-61, the General Regulation under the Family Income Security Act, the Lieutenant-Governor in Council appoints the following persons as members of the Family Income Security Appeal Board, for a term of three years, effective May 19, 2020: (a) Jason Godin, Caraquet, New Brunswick, Vice-Chair; (b) Sharon Tucker, St. George, New Brunswick; (c) Melanie Burns, Saint John, New Brunswick; (d) Mark Fisher, Saint John, New Brunswick; (e) Sherry MacEachern, Moncton, New Brunswick; and (f) Chris Maxwell, Sackville, New Brunswick. 2. Under subsections 24(1) and 24(2) of New Brunswick Regulation 95-61, the General Regulation under the Family Income Security Act, the Lieutenant-Governor in Council reappoints the following persons as members of the Family Income Security Appeal Board, for a term of three years, effective May 19, 2020: (a) Roger Senechal, Beresford, New Brunswick; (b) Wilma Gilchrist, Fredericton, New Brunswick; (c) Jami Moore, Fredericton, New Brunswick; (d) Terry Ogilvie, Salisbury, New Brunswick; (e) James Proudfoot, Moncton, New Brunswick; and (f) Zara Morrison, Picadilly, New Brunswick. 106 -2 3. Under subsections 24(1) of New Brunswick Regulation 95-61, the General Regulation under the Family Income Security Act and section 26 of the Interpretation Act, the Lieutenant-Governor in Council revokes section 5 of Order in Council 2018-67, February 22, 2018. 6.22}--r Brenda L. Murphy Lieutenant-Governor This is to certify that the foregoing is a true copy of an Order of the Lieutenant-Governor in Council of the Je certifie que le document qui precede est une copie conforme d'un decret du lieutenant-gouverneur en conseil Province of New Brunswick, made on the 19 May 2020. de la province du Nouveau-Brunswick, pris le",https://ijf-next-frontend-git-apt-ijf.vercel.app/appointments/9cd8e5500b085cd9d9ef103033052ba1
Roger Senechal,members of the Family Income Security Appeal Board,Social Development,,nb,2020-05-19,2020-05-19,,3 years,,,True,OIC2020-106E,apt/nb/apt-nb-98ea8a4f33c03d729a984d174f85ad32-OIC2020-106E*2020-05-19*Social_Development-2025-01-27T18:22:47,"106 MAY 19, 2020 2020-106 1. Under subsections 24(1) and 24(2) of New Brunswick Regulation 95-61, the General Regulation under the Family Income Security Act, the Lieutenant-Governor in Council appoints the following persons as members of the Family Income Security Appeal Board, for a term of three years, effective May 19, 2020: (a) Jason Godin, Caraquet, New Brunswick, Vice-Chair; (b) Sharon Tucker, St. George, New Brunswick; (c) Melanie Burns, Saint John, New Brunswick; (d) Mark Fisher, Saint John, New Brunswick; (e) Sherry MacEachern, Moncton, New Brunswick; and (f) Chris Maxwell, Sackville, New Brunswick. 2. Under subsections 24(1) and 24(2) of New Brunswick Regulation 95-61, the General Regulation under the Family Income Security Act, the Lieutenant-Governor in Council reappoints the following persons as members of the Family Income Security Appeal Board, for a term of three years, effective May 19, 2020: (a) Roger Senechal, Beresford, New Brunswick; (b) Wilma Gilchrist, Fredericton, New Brunswick; (c) Jami Moore, Fredericton, New Brunswick; (d) Terry Ogilvie, Salisbury, New Brunswick; (e) James Proudfoot, Moncton, New Brunswick; and (f) Zara Morrison, Picadilly, New Brunswick. 106 -2 3. Under subsections 24(1) of New Brunswick Regulation 95-61, the General Regulation under the Family Income Security Act and section 26 of the Interpretation Act, the Lieutenant-Governor in Council revokes section 5 of Order in Council 2018-67, February 22, 2018. 6.22}--r Brenda L. Murphy Lieutenant-Governor This is to certify that the foregoing is a true copy of an Order of the Lieutenant-Governor in Council of the Je certifie que le document qui precede est une copie conforme d'un decret du lieutenant-gouverneur en conseil Province of New Brunswick, made on the 19 May 2020. de la province du Nouveau-Brunswick, pris le",https://ijf-next-frontend-git-apt-ijf.vercel.app/appointments/5c39381fe0ba72cbb606a8b997266413
Sharon Tucker,members of the Family Income Security Appeal Board,Social Development,,nb,2020-05-19,2020-05-19,,3 years,,,False,OIC2020-106E,apt/nb/apt-nb-98ea8a4f33c03d729a984d174f85ad32-OIC2020-106E*2020-05-19*Social_Development-2025-01-27T18:22:47,"106 MAY 19, 2020 2020-106 1. Under subsections 24(1) and 24(2) of New Brunswick Regulation 95-61, the General Regulation under the Family Income Security Act, the Lieutenant-Governor in Council appoints the following persons as members of the Family Income Security Appeal Board, for a term of three years, effective May 19, 2020: (a) Jason Godin, Caraquet, New Brunswick, Vice-Chair; (b) Sharon Tucker, St. George, New Brunswick; (c) Melanie Burns, Saint John, New Brunswick; (d) Mark Fisher, Saint John, New Brunswick; (e) Sherry MacEachern, Moncton, New Brunswick; and (f) Chris Maxwell, Sackville, New Brunswick. 2. Under subsections 24(1) and 24(2) of New Brunswick Regulation 95-61, the General Regulation under the Family Income Security Act, the Lieutenant-Governor in Council reappoints the following persons as members of the Family Income Security Appeal Board, for a term of three years, effective May 19, 2020: (a) Roger Senechal, Beresford, New Brunswick; (b) Wilma Gilchrist, Fredericton, New Brunswick; (c) Jami Moore, Fredericton, New Brunswick; (d) Terry Ogilvie, Salisbury, New Brunswick; (e) James Proudfoot, Moncton, New Brunswick; and (f) Zara Morrison, Picadilly, New Brunswick. 106 -2 3. Under subsections 24(1) of New Brunswick Regulation 95-61, the General Regulation under the Family Income Security Act and section 26 of the Interpretation Act, the Lieutenant-Governor in Council revokes section 5 of Order in Council 2018-67, February 22, 2018. 6.22}--r Brenda L. Murphy Lieutenant-Governor This is to certify that the foregoing is a true copy of an Order of the Lieutenant-Governor in Council of the Je certifie que le document qui precede est une copie conforme d'un decret du lieutenant-gouverneur en conseil Province of New Brunswick, made on the 19 May 2020. de la province du Nouveau-Brunswick, pris le",https://ijf-next-frontend-git-apt-ijf.vercel.app/appointments/f4e30561f9e60cb18601579d3b4ede5c
Sherry MacEachern,members of the Family Income Security Appeal Board,Social Development,,nb,2020-05-19,2020-05-19,,3 years,,,False,OIC2020-106E,apt/nb/apt-nb-98ea8a4f33c03d729a984d174f85ad32-OIC2020-106E*2020-05-19*Social_Development-2025-01-27T18:22:47,"106 MAY 19, 2020 2020-106 1. Under subsections 24(1) and 24(2) of New Brunswick Regulation 95-61, the General Regulation under the Family Income Security Act, the Lieutenant-Governor in Council appoints the following persons as members of the Family Income Security Appeal Board, for a term of three years, effective May 19, 2020: (a) Jason Godin, Caraquet, New Brunswick, Vice-Chair; (b) Sharon Tucker, St. George, New Brunswick; (c) Melanie Burns, Saint John, New Brunswick; (d) Mark Fisher, Saint John, New Brunswick; (e) Sherry MacEachern, Moncton, New Brunswick; and (f) Chris Maxwell, Sackville, New Brunswick. 2. Under subsections 24(1) and 24(2) of New Brunswick Regulation 95-61, the General Regulation under the Family Income Security Act, the Lieutenant-Governor in Council reappoints the following persons as members of the Family Income Security Appeal Board, for a term of three years, effective May 19, 2020: (a) Roger Senechal, Beresford, New Brunswick; (b) Wilma Gilchrist, Fredericton, New Brunswick; (c) Jami Moore, Fredericton, New Brunswick; (d) Terry Ogilvie, Salisbury, New Brunswick; (e) James Proudfoot, Moncton, New Brunswick; and (f) Zara Morrison, Picadilly, New Brunswick. 106 -2 3. Under subsections 24(1) of New Brunswick Regulation 95-61, the General Regulation under the Family Income Security Act and section 26 of the Interpretation Act, the Lieutenant-Governor in Council revokes section 5 of Order in Council 2018-67, February 22, 2018. 6.22}--r Brenda L. Murphy Lieutenant-Governor This is to certify that the foregoing is a true copy of an Order of the Lieutenant-Governor in Council of the Je certifie que le document qui precede est une copie conforme d'un decret du lieutenant-gouverneur en conseil Province of New Brunswick, made on the 19 May 2020. de la province du Nouveau-Brunswick, pris le",https://ijf-next-frontend-git-apt-ijf.vercel.app/appointments/09fbba8b206cdbb3c769d5d2465f8596
Terry Ogilvie,members of the Family Income Security Appeal Board,Social Development,,nb,2020-05-19,2020-05-19,,3 years,,,True,OIC2020-106E,apt/nb/apt-nb-98ea8a4f33c03d729a984d174f85ad32-OIC2020-106E*2020-05-19*Social_Development-2025-01-27T18:22:47,"106 MAY 19, 2020 2020-106 1. Under subsections 24(1) and 24(2) of New Brunswick Regulation 95-61, the General Regulation under the Family Income Security Act, the Lieutenant-Governor in Council appoints the following persons as members of the Family Income Security Appeal Board, for a term of three years, effective May 19, 2020: (a) Jason Godin, Caraquet, New Brunswick, Vice-Chair; (b) Sharon Tucker, St. George, New Brunswick; (c) Melanie Burns, Saint John, New Brunswick; (d) Mark Fisher, Saint John, New Brunswick; (e) Sherry MacEachern, Moncton, New Brunswick; and (f) Chris Maxwell, Sackville, New Brunswick. 2. Under subsections 24(1) and 24(2) of New Brunswick Regulation 95-61, the General Regulation under the Family Income Security Act, the Lieutenant-Governor in Council reappoints the following persons as members of the Family Income Security Appeal Board, for a term of three years, effective May 19, 2020: (a) Roger Senechal, Beresford, New Brunswick; (b) Wilma Gilchrist, Fredericton, New Brunswick; (c) Jami Moore, Fredericton, New Brunswick; (d) Terry Ogilvie, Salisbury, New Brunswick; (e) James Proudfoot, Moncton, New Brunswick; and (f) Zara Morrison, Picadilly, New Brunswick. 106 -2 3. Under subsections 24(1) of New Brunswick Regulation 95-61, the General Regulation under the Family Income Security Act and section 26 of the Interpretation Act, the Lieutenant-Governor in Council revokes section 5 of Order in Council 2018-67, February 22, 2018. 6.22}--r Brenda L. Murphy Lieutenant-Governor This is to certify that the foregoing is a true copy of an Order of the Lieutenant-Governor in Council of the Je certifie que le document qui precede est une copie conforme d'un decret du lieutenant-gouverneur en conseil Province of New Brunswick, made on the 19 May 2020. de la province du Nouveau-Brunswick, pris le",https://ijf-next-frontend-git-apt-ijf.vercel.app/appointments/1b69594717ab897650020477c78bddf9
Wilma Gilchrist,members of the Family Income Security Appeal Board,Social Development,,nb,2020-05-19,2020-05-19,,3 years,,,True,OIC2020-106E,apt/nb/apt-nb-98ea8a4f33c03d729a984d174f85ad32-OIC2020-106E*2020-05-19*Social_Development-2025-01-27T18:22:47,"106 MAY 19, 2020 2020-106 1. Under subsections 24(1) and 24(2) of New Brunswick Regulation 95-61, the General Regulation under the Family Income Security Act, the Lieutenant-Governor in Council appoints the following persons as members of the Family Income Security Appeal Board, for a term of three years, effective May 19, 2020: (a) Jason Godin, Caraquet, New Brunswick, Vice-Chair; (b) Sharon Tucker, St. George, New Brunswick; (c) Melanie Burns, Saint John, New Brunswick; (d) Mark Fisher, Saint John, New Brunswick; (e) Sherry MacEachern, Moncton, New Brunswick; and (f) Chris Maxwell, Sackville, New Brunswick. 2. Under subsections 24(1) and 24(2) of New Brunswick Regulation 95-61, the General Regulation under the Family Income Security Act, the Lieutenant-Governor in Council reappoints the following persons as members of the Family Income Security Appeal Board, for a term of three years, effective May 19, 2020: (a) Roger Senechal, Beresford, New Brunswick; (b) Wilma Gilchrist, Fredericton, New Brunswick; (c) Jami Moore, Fredericton, New Brunswick; (d) Terry Ogilvie, Salisbury, New Brunswick; (e) James Proudfoot, Moncton, New Brunswick; and (f) Zara Morrison, Picadilly, New Brunswick. 106 -2 3. Under subsections 24(1) of New Brunswick Regulation 95-61, the General Regulation under the Family Income Security Act and section 26 of the Interpretation Act, the Lieutenant-Governor in Council revokes section 5 of Order in Council 2018-67, February 22, 2018. 6.22}--r Brenda L. Murphy Lieutenant-Governor This is to certify that the foregoing is a true copy of an Order of the Lieutenant-Governor in Council of the Je certifie que le document qui precede est une copie conforme d'un decret du lieutenant-gouverneur en conseil Province of New Brunswick, made on the 19 May 2020. de la province du Nouveau-Brunswick, pris le",https://ijf-next-frontend-git-apt-ijf.vercel.app/appointments/b11f774781aa06d67920c6d3235331bd
Zara Morrison,members of the Family Income Security Appeal Board,Social Development,,nb,2020-05-19,2020-05-19,,3 years,,,True,OIC2020-106E,apt/nb/apt-nb-98ea8a4f33c03d729a984d174f85ad32-OIC2020-106E*2020-05-19*Social_Development-2025-01-27T18:22:47,"106 MAY 19, 2020 2020-106 1. Under subsections 24(1) and 24(2) of New Brunswick Regulation 95-61, the General Regulation under the Family Income Security Act, the Lieutenant-Governor in Council appoints the following persons as members of the Family Income Security Appeal Board, for a term of three years, effective May 19, 2020: (a) Jason Godin, Caraquet, New Brunswick, Vice-Chair; (b) Sharon Tucker, St. George, New Brunswick; (c) Melanie Burns, Saint John, New Brunswick; (d) Mark Fisher, Saint John, New Brunswick; (e) Sherry MacEachern, Moncton, New Brunswick; and (f) Chris Maxwell, Sackville, New Brunswick. 2. Under subsections 24(1) and 24(2) of New Brunswick Regulation 95-61, the General Regulation under the Family Income Security Act, the Lieutenant-Governor in Council reappoints the following persons as members of the Family Income Security Appeal Board, for a term of three years, effective May 19, 2020: (a) Roger Senechal, Beresford, New Brunswick; (b) Wilma Gilchrist, Fredericton, New Brunswick; (c) Jami Moore, Fredericton, New Brunswick; (d) Terry Ogilvie, Salisbury, New Brunswick; (e) James Proudfoot, Moncton, New Brunswick; and (f) Zara Morrison, Picadilly, New Brunswick. 106 -2 3. Under subsections 24(1) of New Brunswick Regulation 95-61, the General Regulation under the Family Income Security Act and section 26 of the Interpretation Act, the Lieutenant-Governor in Council revokes section 5 of Order in Council 2018-67, February 22, 2018. 6.22}--r Brenda L. Murphy Lieutenant-Governor This is to certify that the foregoing is a true copy of an Order of the Lieutenant-Governor in Council of the Je certifie que le document qui precede est une copie conforme d'un decret du lieutenant-gouverneur en conseil Province of New Brunswick, made on the 19 May 2020. de la province du Nouveau-Brunswick, pris le",https://ijf-next-frontend-git-apt-ijf.vercel.app/appointments/716827e6ff14ac3703cdc4d1418b9dbe
Tom MacFarlane,Deputy Minister of Environment and Local Government,Executive Council Office,,nb,2020-05-26,2020-05-28,,,,,False,OIC2020-109E,apt/nb/apt-nb-d73dfa92590e0d22e4c4cacce68e6556-OIC2020-109E*2020-05-26*Executive_Council_Office-2025-01-27T18:22:47,"109 MAY 26, 2020 2020-109 Under section 3 of the Civil Service Act, the Lieutenant Governor in Council appoints Tom MacFarlane, Fredericton, New Brunswick, as Deputy Minister of Environment and Local Government, effective May 28, 2020. Brenda L. Murphy Lieutenant-Governor This is to certify that the foregoing is a true copy of an Order of the Lieutenant-Governor in Council of the Je certifie que le document qui precede est une copie conforme d'un decret du lieutenant-gouverneur en conseil Province of New Brunswick, made on the de la province du Nouveau-Brunswick, pris le 26 May 2020. Secretary to Cabinet / Secretaire du Cabinet Postal)pk/?",https://ijf-next-frontend-git-apt-ijf.vercel.app/appointments/6fceace759ca4dd552b00ac99ee13a3e
Anthony Wilkins,members of the Board of Examiners for Compressed Gas,Public Safety,,nb,2020-06-02,2020-06-02,2023-05-23,2 years and 11 months,,,True,OIC2020-112E,apt/nb/apt-nb-9b034292cb946f27ca8eddf6aad6a5ae-OIC2020-112E*2020-06-02*Public_Safety-2025-01-27T18:22:47,"112 JUNE 2, 2020 2020-112 1. Under subsections 28(1) and (3) of the Boiler and Pressure Vessel Act, the Lieutenant-Governor in Council reappoints the following persons as members of the Board of Examiners for Compressed Gas, for a term ending May 23, 2023: (a) Chris Snow, Saint John, New Brunswick; (b) Anthony Wilkins, Fredericton, New Brunswick; (c) David Evans, Upper Golden Grove, New Brunswick; and (d) Chad Maclean, Hillsborough, New Brunswick. 2. Under subsections 28(1 ), (2) and (3) of the Boiler and Pressure Vessel Act, the Lieutenant-Governor in Council reappoints Michael Davidson, Rusagonis, New Brunswick, as a member of the Board of Examiners for Compressed Gas and designates him Chair, for a term ending May 23, 2023. Brenda L. Murphy Lieutenant-Governor This is to certify that the foregoing is a true copy of an Order of the Lieutenant-Governor in Council of the Je certifie que le document qui precede est une copie conforme d'un decret du lieutenant-gouverneur en conseil Province of New Brunswick, made on the 2 June 2020. de la province du Nouveau-Brunswick, pris le Secretary to Cabinet / Secretaire du Cabinet Wo,-0toy eta,",https://ijf-next-frontend-git-apt-ijf.vercel.app/appointments/8e4315e882ea2a630b73eb7d1aaeaeae
Chad Maclean,members of the Board of Examiners for Compressed Gas,Public Safety,,nb,2020-06-02,2020-06-02,2023-05-23,2 years and 11 months,,,True,OIC2020-112E,apt/nb/apt-nb-9b034292cb946f27ca8eddf6aad6a5ae-OIC2020-112E*2020-06-02*Public_Safety-2025-01-27T18:22:47,"112 JUNE 2, 2020 2020-112 1. Under subsections 28(1) and (3) of the Boiler and Pressure Vessel Act, the Lieutenant-Governor in Council reappoints the following persons as members of the Board of Examiners for Compressed Gas, for a term ending May 23, 2023: (a) Chris Snow, Saint John, New Brunswick; (b) Anthony Wilkins, Fredericton, New Brunswick; (c) David Evans, Upper Golden Grove, New Brunswick; and (d) Chad Maclean, Hillsborough, New Brunswick. 2. Under subsections 28(1 ), (2) and (3) of the Boiler and Pressure Vessel Act, the Lieutenant-Governor in Council reappoints Michael Davidson, Rusagonis, New Brunswick, as a member of the Board of Examiners for Compressed Gas and designates him Chair, for a term ending May 23, 2023. Brenda L. Murphy Lieutenant-Governor This is to certify that the foregoing is a true copy of an Order of the Lieutenant-Governor in Council of the Je certifie que le document qui precede est une copie conforme d'un decret du lieutenant-gouverneur en conseil Province of New Brunswick, made on the 2 June 2020. de la province du Nouveau-Brunswick, pris le Secretary to Cabinet / Secretaire du Cabinet Wo,-0toy eta,",https://ijf-next-frontend-git-apt-ijf.vercel.app/appointments/3d14dcd9e67fbe117c266cda68fb6e00
Chris Snow,members of the Board of Examiners for Compressed Gas,Public Safety,,nb,2020-06-02,2020-06-02,2023-05-23,2 years and 11 months,,,True,OIC2020-112E,apt/nb/apt-nb-9b034292cb946f27ca8eddf6aad6a5ae-OIC2020-112E*2020-06-02*Public_Safety-2025-01-27T18:22:47,"112 JUNE 2, 2020 2020-112 1. Under subsections 28(1) and (3) of the Boiler and Pressure Vessel Act, the Lieutenant-Governor in Council reappoints the following persons as members of the Board of Examiners for Compressed Gas, for a term ending May 23, 2023: (a) Chris Snow, Saint John, New Brunswick; (b) Anthony Wilkins, Fredericton, New Brunswick; (c) David Evans, Upper Golden Grove, New Brunswick; and (d) Chad Maclean, Hillsborough, New Brunswick. 2. Under subsections 28(1 ), (2) and (3) of the Boiler and Pressure Vessel Act, the Lieutenant-Governor in Council reappoints Michael Davidson, Rusagonis, New Brunswick, as a member of the Board of Examiners for Compressed Gas and designates him Chair, for a term ending May 23, 2023. Brenda L. Murphy Lieutenant-Governor This is to certify that the foregoing is a true copy of an Order of the Lieutenant-Governor in Council of the Je certifie que le document qui precede est une copie conforme d'un decret du lieutenant-gouverneur en conseil Province of New Brunswick, made on the 2 June 2020. de la province du Nouveau-Brunswick, pris le Secretary to Cabinet / Secretaire du Cabinet Wo,-0toy eta,",https://ijf-next-frontend-git-apt-ijf.vercel.app/appointments/d1384a6b56a43a55713b082d7818ce14
David Evans,members of the Board of Examiners for Compressed Gas,Public Safety,,nb,2020-06-02,2020-06-02,2023-05-23,2 years and 11 months,,,True,OIC2020-112E,apt/nb/apt-nb-9b034292cb946f27ca8eddf6aad6a5ae-OIC2020-112E*2020-06-02*Public_Safety-2025-01-27T18:22:47,"112 JUNE 2, 2020 2020-112 1. Under subsections 28(1) and (3) of the Boiler and Pressure Vessel Act, the Lieutenant-Governor in Council reappoints the following persons as members of the Board of Examiners for Compressed Gas, for a term ending May 23, 2023: (a) Chris Snow, Saint John, New Brunswick; (b) Anthony Wilkins, Fredericton, New Brunswick; (c) David Evans, Upper Golden Grove, New Brunswick; and (d) Chad Maclean, Hillsborough, New Brunswick. 2. Under subsections 28(1 ), (2) and (3) of the Boiler and Pressure Vessel Act, the Lieutenant-Governor in Council reappoints Michael Davidson, Rusagonis, New Brunswick, as a member of the Board of Examiners for Compressed Gas and designates him Chair, for a term ending May 23, 2023. Brenda L. Murphy Lieutenant-Governor This is to certify that the foregoing is a true copy of an Order of the Lieutenant-Governor in Council of the Je certifie que le document qui precede est une copie conforme d'un decret du lieutenant-gouverneur en conseil Province of New Brunswick, made on the 2 June 2020. de la province du Nouveau-Brunswick, pris le Secretary to Cabinet / Secretaire du Cabinet Wo,-0toy eta,",https://ijf-next-frontend-git-apt-ijf.vercel.app/appointments/146becb26ed90da9b65d9b99b524e325
Eben Creaser,member and Chair,Public Safety,,nb,2020-06-02,2020-06-02,2023-05-23,2 years and 11 months,,,True,OIC2020-113E,apt/nb/apt-nb-d42f0d518e29200dc4a26eb3a8227bec-OIC2020-113E*2020-06-02*Public_Safety-2025-01-27T18:22:47,"113 JUNE 2, 2020 2020-113 1. Under subsections 4(1) and 4(3) of the Boiler and Pressure Vessel Act, the Lieutenant-Governor in Council appoints the following individuals as members of the Board of Examiners for Power Engineers, for a term ending May 23, 2023: (a) Krista Parker, Pennfield, New Brunswick; and (b) Roger Pelletier, Fredericton, New Brunswick. 2. Under subsections 4(1) and 4(3) of the Boiler and Pressure Vessel Act, the Lieutenant-Governor in Council reappoints the following individuals as members of the Board of Examiners for Power Engineers, for a term ending May 23, 2023: (a) Kirby O'Donnell, New Bandon, New Brunswick; and ( b) George Lacey, Queenstown, New Brunswick. 3. Under subsections 4(1), 4(2) and 4(3) of the Boiler and Pressure Vessel Act, the Lieutenant-Governor in Council reappoints Eben Creaser, Upper Kingsclear, New Brunswick, as a member and designates him Chair of the Board of Examiners for Power Engineers, for a term ending May 23, s.4-7y 2023: Brenda L. Murphy Lieutenant-Governor This is to certify that the foregoing is a true copy of an Order of the Lieutenant-Governor in Council of the Je certifie que le document qui precede est une copie conforme d'un decret du lieutenant-gouverneur en conseil Province of New Brunswick, made on the 2 June 2020. de la province du Nouveau-Brunswick, pris le Secretary to Cabsinet /o Snec-r etaire du Cabinet hoy- Meta",https://ijf-next-frontend-git-apt-ijf.vercel.app/appointments/3a67c66880d2599d37156163a79d11b7
George Lacey,member,Public Safety,,nb,2020-06-02,2020-06-02,2023-05-23,2 years and 11 months,,,True,OIC2020-113E,apt/nb/apt-nb-d42f0d518e29200dc4a26eb3a8227bec-OIC2020-113E*2020-06-02*Public_Safety-2025-01-27T18:22:47,"113 JUNE 2, 2020 2020-113 1. Under subsections 4(1) and 4(3) of the Boiler and Pressure Vessel Act, the Lieutenant-Governor in Council appoints the following individuals as members of the Board of Examiners for Power Engineers, for a term ending May 23, 2023: (a) Krista Parker, Pennfield, New Brunswick; and (b) Roger Pelletier, Fredericton, New Brunswick. 2. Under subsections 4(1) and 4(3) of the Boiler and Pressure Vessel Act, the Lieutenant-Governor in Council reappoints the following individuals as members of the Board of Examiners for Power Engineers, for a term ending May 23, 2023: (a) Kirby O'Donnell, New Bandon, New Brunswick; and ( b) George Lacey, Queenstown, New Brunswick. 3. Under subsections 4(1), 4(2) and 4(3) of the Boiler and Pressure Vessel Act, the Lieutenant-Governor in Council reappoints Eben Creaser, Upper Kingsclear, New Brunswick, as a member and designates him Chair of the Board of Examiners for Power Engineers, for a term ending May 23, s.4-7y 2023: Brenda L. Murphy Lieutenant-Governor This is to certify that the foregoing is a true copy of an Order of the Lieutenant-Governor in Council of the Je certifie que le document qui precede est une copie conforme d'un decret du lieutenant-gouverneur en conseil Province of New Brunswick, made on the 2 June 2020. de la province du Nouveau-Brunswick, pris le Secretary to Cabsinet /o Snec-r etaire du Cabinet hoy- Meta",https://ijf-next-frontend-git-apt-ijf.vercel.app/appointments/415a4bf1be0bd5067b0f3160db6dcaf0
Kirby O'Donnell,member,Public Safety,,nb,2020-06-02,2020-06-02,2023-05-23,2 years and 11 months,,,True,OIC2020-113E,apt/nb/apt-nb-d42f0d518e29200dc4a26eb3a8227bec-OIC2020-113E*2020-06-02*Public_Safety-2025-01-27T18:22:47,"113 JUNE 2, 2020 2020-113 1. Under subsections 4(1) and 4(3) of the Boiler and Pressure Vessel Act, the Lieutenant-Governor in Council appoints the following individuals as members of the Board of Examiners for Power Engineers, for a term ending May 23, 2023: (a) Krista Parker, Pennfield, New Brunswick; and (b) Roger Pelletier, Fredericton, New Brunswick. 2. Under subsections 4(1) and 4(3) of the Boiler and Pressure Vessel Act, the Lieutenant-Governor in Council reappoints the following individuals as members of the Board of Examiners for Power Engineers, for a term ending May 23, 2023: (a) Kirby O'Donnell, New Bandon, New Brunswick; and ( b) George Lacey, Queenstown, New Brunswick. 3. Under subsections 4(1), 4(2) and 4(3) of the Boiler and Pressure Vessel Act, the Lieutenant-Governor in Council reappoints Eben Creaser, Upper Kingsclear, New Brunswick, as a member and designates him Chair of the Board of Examiners for Power Engineers, for a term ending May 23, s.4-7y 2023: Brenda L. Murphy Lieutenant-Governor This is to certify that the foregoing is a true copy of an Order of the Lieutenant-Governor in Council of the Je certifie que le document qui precede est une copie conforme d'un decret du lieutenant-gouverneur en conseil Province of New Brunswick, made on the 2 June 2020. de la province du Nouveau-Brunswick, pris le Secretary to Cabsinet /o Snec-r etaire du Cabinet hoy- Meta",https://ijf-next-frontend-git-apt-ijf.vercel.app/appointments/bc0f9d3016e382f0bea1c8e48b05a470
Krista Parker,member,Public Safety,,nb,2020-06-02,2020-06-02,2023-05-23,2 years and 11 months,,,False,OIC2020-113E,apt/nb/apt-nb-d42f0d518e29200dc4a26eb3a8227bec-OIC2020-113E*2020-06-02*Public_Safety-2025-01-27T18:22:47,"113 JUNE 2, 2020 2020-113 1. Under subsections 4(1) and 4(3) of the Boiler and Pressure Vessel Act, the Lieutenant-Governor in Council appoints the following individuals as members of the Board of Examiners for Power Engineers, for a term ending May 23, 2023: (a) Krista Parker, Pennfield, New Brunswick; and (b) Roger Pelletier, Fredericton, New Brunswick. 2. Under subsections 4(1) and 4(3) of the Boiler and Pressure Vessel Act, the Lieutenant-Governor in Council reappoints the following individuals as members of the Board of Examiners for Power Engineers, for a term ending May 23, 2023: (a) Kirby O'Donnell, New Bandon, New Brunswick; and ( b) George Lacey, Queenstown, New Brunswick. 3. Under subsections 4(1), 4(2) and 4(3) of the Boiler and Pressure Vessel Act, the Lieutenant-Governor in Council reappoints Eben Creaser, Upper Kingsclear, New Brunswick, as a member and designates him Chair of the Board of Examiners for Power Engineers, for a term ending May 23, s.4-7y 2023: Brenda L. Murphy Lieutenant-Governor This is to certify that the foregoing is a true copy of an Order of the Lieutenant-Governor in Council of the Je certifie que le document qui precede est une copie conforme d'un decret du lieutenant-gouverneur en conseil Province of New Brunswick, made on the 2 June 2020. de la province du Nouveau-Brunswick, pris le Secretary to Cabsinet /o Snec-r etaire du Cabinet hoy- Meta",https://ijf-next-frontend-git-apt-ijf.vercel.app/appointments/bc3cb311cb15c972c6b2b555d0932c08
Michael Davidson,"Chair, member of the Board of Examiners for Compressed Gas",Public Safety,,nb,2020-06-02,2020-06-02,2023-05-23,2 years and 11 months,,,True,OIC2020-112E,apt/nb/apt-nb-9b034292cb946f27ca8eddf6aad6a5ae-OIC2020-112E*2020-06-02*Public_Safety-2025-01-27T18:22:47,"112 JUNE 2, 2020 2020-112 1. Under subsections 28(1) and (3) of the Boiler and Pressure Vessel Act, the Lieutenant-Governor in Council reappoints the following persons as members of the Board of Examiners for Compressed Gas, for a term ending May 23, 2023: (a) Chris Snow, Saint John, New Brunswick; (b) Anthony Wilkins, Fredericton, New Brunswick; (c) David Evans, Upper Golden Grove, New Brunswick; and (d) Chad Maclean, Hillsborough, New Brunswick. 2. Under subsections 28(1 ), (2) and (3) of the Boiler and Pressure Vessel Act, the Lieutenant-Governor in Council reappoints Michael Davidson, Rusagonis, New Brunswick, as a member of the Board of Examiners for Compressed Gas and designates him Chair, for a term ending May 23, 2023. Brenda L. Murphy Lieutenant-Governor This is to certify that the foregoing is a true copy of an Order of the Lieutenant-Governor in Council of the Je certifie que le document qui precede est une copie conforme d'un decret du lieutenant-gouverneur en conseil Province of New Brunswick, made on the 2 June 2020. de la province du Nouveau-Brunswick, pris le Secretary to Cabinet / Secretaire du Cabinet Wo,-0toy eta,",https://ijf-next-frontend-git-apt-ijf.vercel.app/appointments/4b07c02352403c437933e5526530b87f
Roger Pelletier,member,Public Safety,,nb,2020-06-02,2020-06-02,2023-05-23,2 years and 11 months,,,False,OIC2020-113E,apt/nb/apt-nb-d42f0d518e29200dc4a26eb3a8227bec-OIC2020-113E*2020-06-02*Public_Safety-2025-01-27T18:22:47,"113 JUNE 2, 2020 2020-113 1. Under subsections 4(1) and 4(3) of the Boiler and Pressure Vessel Act, the Lieutenant-Governor in Council appoints the following individuals as members of the Board of Examiners for Power Engineers, for a term ending May 23, 2023: (a) Krista Parker, Pennfield, New Brunswick; and (b) Roger Pelletier, Fredericton, New Brunswick. 2. Under subsections 4(1) and 4(3) of the Boiler and Pressure Vessel Act, the Lieutenant-Governor in Council reappoints the following individuals as members of the Board of Examiners for Power Engineers, for a term ending May 23, 2023: (a) Kirby O'Donnell, New Bandon, New Brunswick; and ( b) George Lacey, Queenstown, New Brunswick. 3. Under subsections 4(1), 4(2) and 4(3) of the Boiler and Pressure Vessel Act, the Lieutenant-Governor in Council reappoints Eben Creaser, Upper Kingsclear, New Brunswick, as a member and designates him Chair of the Board of Examiners for Power Engineers, for a term ending May 23, s.4-7y 2023: Brenda L. Murphy Lieutenant-Governor This is to certify that the foregoing is a true copy of an Order of the Lieutenant-Governor in Council of the Je certifie que le document qui precede est une copie conforme d'un decret du lieutenant-gouverneur en conseil Province of New Brunswick, made on the 2 June 2020. de la province du Nouveau-Brunswick, pris le Secretary to Cabsinet /o Snec-r etaire du Cabinet hoy- Meta",https://ijf-next-frontend-git-apt-ijf.vercel.app/appointments/3520e890a15a610250f078526b91b26e
Annie Daneault,member of the Board of Directors,Justice and Attorney General,,nb,2020-06-09,2020-06-09,,3 years,,,True,OIC2020-121E,apt/nb/apt-nb-d0a8d0b24c06822259cda01932bbdd6c-OIC2020-121E*2020-06-09*Justice_and_Attorney_General-2025-01-27T18:22:47,"121 JUNE 9, 2020 2020-121 Under subparagraph 4(1)(c)(i) and subsection 4(3) of the Legal Aid Act, the Lieutenant-Governor in Council reappoints Annie Daneault, Grand-Sault, New Brunswick, as a member of the Board of Directors of the New Brunswick Legal Aid Services Commission, for a term of three years, effective June 9, 2020. Brenda L. Murphy Lieutenant-Governor This is to certify that the foregoing is a true copy of an Order of the Lieutenant-Governor in Council of the Je certifie que le document qui precede est une copie conforme d'un decret du lieutenant-gouverneur en conseil Province of New Brunswick, made on the 9 June 2020. de la province du Nouveau-Brunswick, pris le Secrettary to Caaceb.ine t / Secretaire du Cabinet Bye))%c)",https://ijf-next-frontend-git-apt-ijf.vercel.app/appointments/850582a06acb625c521ec546b9fcf29e
Doug Baker,member of the Financial and Consumer Services Tribunal,Finance and Treasury Board,,nb,2020-06-09,2020-06-09,,1 year,,,False,OIC2020-120E,apt/nb/apt-nb-6b14c827702b8d5728506a8c7e67e4d2-OIC2020-120E*2020-06-09*Finance_and_Treasury_Board-2025-01-27T18:22:47,"120 JUNE 9, 2020 2020-120 1. Under subsections 29(2) and 31 (2) of the Financial and Consumer Services Commission Act, the Lieutenant-Governor in Council reappoints Melanie McGrath, Cocagne, New Brunswick, as a member of the Financial and Consumer Services Tribunal, for a term of one year, effective June 9, 2020. 2. Under subsections 29(2) and 31(1) of the Financial and Consumer Services Commission Act, the Lieutenant-Governor in Council appoints Doug Baker, Riverview, New Brunswick, as a member of the Financial and Consumer Services Tribunal, for a term of one year, effective June 9, 2020. Brenda L. Murphy Lieutenant-Governor This is to certify that the foregoing is a true copy of an Order of the Lieutenant-Governor in Council of the Je certifie que le document qui precede est une copie conforme d'un decret du lieutenant-gouverneur en conseil Province of New Brunswick, made on the 9 June 2020. de la province du Nouveau-Brunswick, pris le Secretary to Cabinet / Secretaire du Cabinet pale /hen 3\}3##y- »",https://ijf-next-frontend-git-apt-ijf.vercel.app/appointments/fb900c65f6a5e9e0f46571432c024d63
Douglas Wayne Getty,coroner,Public Safety,,nb,2020-06-09,2020-08-03,,3 years,,,True,OIC2020-119E,apt/nb/apt-nb-1eb9bdd5d0576ec26c4e544327c84d46-OIC2020-119E*2020-06-09*Public_Safety-2025-01-27T18:22:47,"119 JUNE 9, 2020 2020-119 1. Under subsection 2(2) of the Coroners Act, the Lieutenant- Governor in Council reappoints the following individuals as coroners, for a term three years: (a) Tracy Beal, Doaktown, New Brunswick, effective August 9, 2020; (b) Emily Caissy, Campbellton, New Brunswick, effective August 9, 2020; (c) John Evans, Fredericton, New Brunswick, effective July 13, 2020; (d) Jonathan Fulljames, Rossville, New Brunswick, effective August 3, 2020; (e) Douglas Wayne Getty, Bryenton, New Brunswick, effective August 3, 2020; (f) Pierrette Hache, Bertrand, New Brunswick, effective August 9, 2020; (g) Robert S. Hart, Bas Cap-Pele, effective August 28, 2020; (h) Robert W. Hewitson, Moncton, New Brunswick, effective December 22, 2020; (i) Paul F. McCarthy, Fredericton, New Brunswick, effective December 22, 2020; and (j) Robert W. Moore, Moncton, New Brunswick, effective August 29, 2020. 2. Under subsection 2(2) of the Coroners Act and section 26 of the Interpretation Act, the Lieutenant-Governor in Council revokes Order in Council 2010-409 dated August 12, 2010. 119 - 2 3. Under subsection 2(2) of the Coroners Act and section 26 ofthe Interpretation Act, the Lieutenant-Governor in Council revokes Order in Council 2013-274 dated September 4, 2013. 4. Under subsection 2(2) of the Coroners Act and section 26 of the Interpretation Act, the Lieutenant-Governor in Council revokes Order in Council 2013-186 dated June 20, 2013. Brenda L. Murphy Lieutenant-Governor This is to certify that the foregoing is a true copy of an Order of the Lieutenant-Governor in Council of the Je certifie que le document qui precede est une copie conforme d'un decret du lieutenant-gouverneur en conseil Province of New Brunswick, made on the 9 June 2020. de la province du Nouveau-Brunswick, pris le Secretary to Cabinet / Secretaire du Cabinet Baser-l/yo phtceca",https://ijf-next-frontend-git-apt-ijf.vercel.app/appointments/0653c9c9c25bd90a7b9b2d4aa06bf48d
Emily Caissy,coroner,Public Safety,,nb,2020-06-09,2020-08-09,,3 years,,,True,OIC2020-119E,apt/nb/apt-nb-1eb9bdd5d0576ec26c4e544327c84d46-OIC2020-119E*2020-06-09*Public_Safety-2025-01-27T18:22:47,"119 JUNE 9, 2020 2020-119 1. Under subsection 2(2) of the Coroners Act, the Lieutenant- Governor in Council reappoints the following individuals as coroners, for a term three years: (a) Tracy Beal, Doaktown, New Brunswick, effective August 9, 2020; (b) Emily Caissy, Campbellton, New Brunswick, effective August 9, 2020; (c) John Evans, Fredericton, New Brunswick, effective July 13, 2020; (d) Jonathan Fulljames, Rossville, New Brunswick, effective August 3, 2020; (e) Douglas Wayne Getty, Bryenton, New Brunswick, effective August 3, 2020; (f) Pierrette Hache, Bertrand, New Brunswick, effective August 9, 2020; (g) Robert S. Hart, Bas Cap-Pele, effective August 28, 2020; (h) Robert W. Hewitson, Moncton, New Brunswick, effective December 22, 2020; (i) Paul F. McCarthy, Fredericton, New Brunswick, effective December 22, 2020; and (j) Robert W. Moore, Moncton, New Brunswick, effective August 29, 2020. 2. Under subsection 2(2) of the Coroners Act and section 26 of the Interpretation Act, the Lieutenant-Governor in Council revokes Order in Council 2010-409 dated August 12, 2010. 119 - 2 3. Under subsection 2(2) of the Coroners Act and section 26 ofthe Interpretation Act, the Lieutenant-Governor in Council revokes Order in Council 2013-274 dated September 4, 2013. 4. Under subsection 2(2) of the Coroners Act and section 26 of the Interpretation Act, the Lieutenant-Governor in Council revokes Order in Council 2013-186 dated June 20, 2013. Brenda L. Murphy Lieutenant-Governor This is to certify that the foregoing is a true copy of an Order of the Lieutenant-Governor in Council of the Je certifie que le document qui precede est une copie conforme d'un decret du lieutenant-gouverneur en conseil Province of New Brunswick, made on the 9 June 2020. de la province du Nouveau-Brunswick, pris le Secretary to Cabinet / Secretaire du Cabinet Baser-l/yo phtceca",https://ijf-next-frontend-git-apt-ijf.vercel.app/appointments/0c8cb68df04e0ef456bd2ac3f44c259d
John Evans,coroner,Public Safety,,nb,2020-06-09,2020-07-13,,3 years,,,True,OIC2020-119E,apt/nb/apt-nb-1eb9bdd5d0576ec26c4e544327c84d46-OIC2020-119E*2020-06-09*Public_Safety-2025-01-27T18:22:47,"119 JUNE 9, 2020 2020-119 1. Under subsection 2(2) of the Coroners Act, the Lieutenant- Governor in Council reappoints the following individuals as coroners, for a term three years: (a) Tracy Beal, Doaktown, New Brunswick, effective August 9, 2020; (b) Emily Caissy, Campbellton, New Brunswick, effective August 9, 2020; (c) John Evans, Fredericton, New Brunswick, effective July 13, 2020; (d) Jonathan Fulljames, Rossville, New Brunswick, effective August 3, 2020; (e) Douglas Wayne Getty, Bryenton, New Brunswick, effective August 3, 2020; (f) Pierrette Hache, Bertrand, New Brunswick, effective August 9, 2020; (g) Robert S. Hart, Bas Cap-Pele, effective August 28, 2020; (h) Robert W. Hewitson, Moncton, New Brunswick, effective December 22, 2020; (i) Paul F. McCarthy, Fredericton, New Brunswick, effective December 22, 2020; and (j) Robert W. Moore, Moncton, New Brunswick, effective August 29, 2020. 2. Under subsection 2(2) of the Coroners Act and section 26 of the Interpretation Act, the Lieutenant-Governor in Council revokes Order in Council 2010-409 dated August 12, 2010. 119 - 2 3. Under subsection 2(2) of the Coroners Act and section 26 ofthe Interpretation Act, the Lieutenant-Governor in Council revokes Order in Council 2013-274 dated September 4, 2013. 4. Under subsection 2(2) of the Coroners Act and section 26 of the Interpretation Act, the Lieutenant-Governor in Council revokes Order in Council 2013-186 dated June 20, 2013. Brenda L. Murphy Lieutenant-Governor This is to certify that the foregoing is a true copy of an Order of the Lieutenant-Governor in Council of the Je certifie que le document qui precede est une copie conforme d'un decret du lieutenant-gouverneur en conseil Province of New Brunswick, made on the 9 June 2020. de la province du Nouveau-Brunswick, pris le Secretary to Cabinet / Secretaire du Cabinet Baser-l/yo phtceca",https://ijf-next-frontend-git-apt-ijf.vercel.app/appointments/622a2133566d9ce0c4b88c482a55df80
Jonathan Fulljames,coroner,Public Safety,,nb,2020-06-09,2020-08-03,,3 years,,,True,OIC2020-119E,apt/nb/apt-nb-1eb9bdd5d0576ec26c4e544327c84d46-OIC2020-119E*2020-06-09*Public_Safety-2025-01-27T18:22:47,"119 JUNE 9, 2020 2020-119 1. Under subsection 2(2) of the Coroners Act, the Lieutenant- Governor in Council reappoints the following individuals as coroners, for a term three years: (a) Tracy Beal, Doaktown, New Brunswick, effective August 9, 2020; (b) Emily Caissy, Campbellton, New Brunswick, effective August 9, 2020; (c) John Evans, Fredericton, New Brunswick, effective July 13, 2020; (d) Jonathan Fulljames, Rossville, New Brunswick, effective August 3, 2020; (e) Douglas Wayne Getty, Bryenton, New Brunswick, effective August 3, 2020; (f) Pierrette Hache, Bertrand, New Brunswick, effective August 9, 2020; (g) Robert S. Hart, Bas Cap-Pele, effective August 28, 2020; (h) Robert W. Hewitson, Moncton, New Brunswick, effective December 22, 2020; (i) Paul F. McCarthy, Fredericton, New Brunswick, effective December 22, 2020; and (j) Robert W. Moore, Moncton, New Brunswick, effective August 29, 2020. 2. Under subsection 2(2) of the Coroners Act and section 26 of the Interpretation Act, the Lieutenant-Governor in Council revokes Order in Council 2010-409 dated August 12, 2010. 119 - 2 3. Under subsection 2(2) of the Coroners Act and section 26 ofthe Interpretation Act, the Lieutenant-Governor in Council revokes Order in Council 2013-274 dated September 4, 2013. 4. Under subsection 2(2) of the Coroners Act and section 26 of the Interpretation Act, the Lieutenant-Governor in Council revokes Order in Council 2013-186 dated June 20, 2013. Brenda L. Murphy Lieutenant-Governor This is to certify that the foregoing is a true copy of an Order of the Lieutenant-Governor in Council of the Je certifie que le document qui precede est une copie conforme d'un decret du lieutenant-gouverneur en conseil Province of New Brunswick, made on the 9 June 2020. de la province du Nouveau-Brunswick, pris le Secretary to Cabinet / Secretaire du Cabinet Baser-l/yo phtceca",https://ijf-next-frontend-git-apt-ijf.vercel.app/appointments/7acf634468a9249c208fa415b0aa771b
Melanie McGrath,member of the Financial and Consumer Services Tribunal,Finance and Treasury Board,,nb,2020-06-09,2020-06-09,,1 year,,,True,OIC2020-120E,apt/nb/apt-nb-6b14c827702b8d5728506a8c7e67e4d2-OIC2020-120E*2020-06-09*Finance_and_Treasury_Board-2025-01-27T18:22:47,"120 JUNE 9, 2020 2020-120 1. Under subsections 29(2) and 31 (2) of the Financial and Consumer Services Commission Act, the Lieutenant-Governor in Council reappoints Melanie McGrath, Cocagne, New Brunswick, as a member of the Financial and Consumer Services Tribunal, for a term of one year, effective June 9, 2020. 2. Under subsections 29(2) and 31(1) of the Financial and Consumer Services Commission Act, the Lieutenant-Governor in Council appoints Doug Baker, Riverview, New Brunswick, as a member of the Financial and Consumer Services Tribunal, for a term of one year, effective June 9, 2020. Brenda L. Murphy Lieutenant-Governor This is to certify that the foregoing is a true copy of an Order of the Lieutenant-Governor in Council of the Je certifie que le document qui precede est une copie conforme d'un decret du lieutenant-gouverneur en conseil Province of New Brunswick, made on the 9 June 2020. de la province du Nouveau-Brunswick, pris le Secretary to Cabinet / Secretaire du Cabinet pale /hen 3\}3##y- »",https://ijf-next-frontend-git-apt-ijf.vercel.app/appointments/f676d37618c7e1b3e21e4c55c615fddd
Paul F. McCarthy,coroner,Public Safety,,nb,2020-06-09,2020-12-22,,3 years,,,True,OIC2020-119E,apt/nb/apt-nb-1eb9bdd5d0576ec26c4e544327c84d46-OIC2020-119E*2020-06-09*Public_Safety-2025-01-27T18:22:47,"119 JUNE 9, 2020 2020-119 1. Under subsection 2(2) of the Coroners Act, the Lieutenant- Governor in Council reappoints the following individuals as coroners, for a term three years: (a) Tracy Beal, Doaktown, New Brunswick, effective August 9, 2020; (b) Emily Caissy, Campbellton, New Brunswick, effective August 9, 2020; (c) John Evans, Fredericton, New Brunswick, effective July 13, 2020; (d) Jonathan Fulljames, Rossville, New Brunswick, effective August 3, 2020; (e) Douglas Wayne Getty, Bryenton, New Brunswick, effective August 3, 2020; (f) Pierrette Hache, Bertrand, New Brunswick, effective August 9, 2020; (g) Robert S. Hart, Bas Cap-Pele, effective August 28, 2020; (h) Robert W. Hewitson, Moncton, New Brunswick, effective December 22, 2020; (i) Paul F. McCarthy, Fredericton, New Brunswick, effective December 22, 2020; and (j) Robert W. Moore, Moncton, New Brunswick, effective August 29, 2020. 2. Under subsection 2(2) of the Coroners Act and section 26 of the Interpretation Act, the Lieutenant-Governor in Council revokes Order in Council 2010-409 dated August 12, 2010. 119 - 2 3. Under subsection 2(2) of the Coroners Act and section 26 ofthe Interpretation Act, the Lieutenant-Governor in Council revokes Order in Council 2013-274 dated September 4, 2013. 4. Under subsection 2(2) of the Coroners Act and section 26 of the Interpretation Act, the Lieutenant-Governor in Council revokes Order in Council 2013-186 dated June 20, 2013. Brenda L. Murphy Lieutenant-Governor This is to certify that the foregoing is a true copy of an Order of the Lieutenant-Governor in Council of the Je certifie que le document qui precede est une copie conforme d'un decret du lieutenant-gouverneur en conseil Province of New Brunswick, made on the 9 June 2020. de la province du Nouveau-Brunswick, pris le Secretary to Cabinet / Secretaire du Cabinet Baser-l/yo phtceca",https://ijf-next-frontend-git-apt-ijf.vercel.app/appointments/4e257cfcf5efc2c4ef32707bd33774d1
Pierrette Hache,coroner,Public Safety,,nb,2020-06-09,2020-08-09,,3 years,,,True,OIC2020-119E,apt/nb/apt-nb-1eb9bdd5d0576ec26c4e544327c84d46-OIC2020-119E*2020-06-09*Public_Safety-2025-01-27T18:22:47,"119 JUNE 9, 2020 2020-119 1. Under subsection 2(2) of the Coroners Act, the Lieutenant- Governor in Council reappoints the following individuals as coroners, for a term three years: (a) Tracy Beal, Doaktown, New Brunswick, effective August 9, 2020; (b) Emily Caissy, Campbellton, New Brunswick, effective August 9, 2020; (c) John Evans, Fredericton, New Brunswick, effective July 13, 2020; (d) Jonathan Fulljames, Rossville, New Brunswick, effective August 3, 2020; (e) Douglas Wayne Getty, Bryenton, New Brunswick, effective August 3, 2020; (f) Pierrette Hache, Bertrand, New Brunswick, effective August 9, 2020; (g) Robert S. Hart, Bas Cap-Pele, effective August 28, 2020; (h) Robert W. Hewitson, Moncton, New Brunswick, effective December 22, 2020; (i) Paul F. McCarthy, Fredericton, New Brunswick, effective December 22, 2020; and (j) Robert W. Moore, Moncton, New Brunswick, effective August 29, 2020. 2. Under subsection 2(2) of the Coroners Act and section 26 of the Interpretation Act, the Lieutenant-Governor in Council revokes Order in Council 2010-409 dated August 12, 2010. 119 - 2 3. Under subsection 2(2) of the Coroners Act and section 26 ofthe Interpretation Act, the Lieutenant-Governor in Council revokes Order in Council 2013-274 dated September 4, 2013. 4. Under subsection 2(2) of the Coroners Act and section 26 of the Interpretation Act, the Lieutenant-Governor in Council revokes Order in Council 2013-186 dated June 20, 2013. Brenda L. Murphy Lieutenant-Governor This is to certify that the foregoing is a true copy of an Order of the Lieutenant-Governor in Council of the Je certifie que le document qui precede est une copie conforme d'un decret du lieutenant-gouverneur en conseil Province of New Brunswick, made on the 9 June 2020. de la province du Nouveau-Brunswick, pris le Secretary to Cabinet / Secretaire du Cabinet Baser-l/yo phtceca",https://ijf-next-frontend-git-apt-ijf.vercel.app/appointments/345350b2bc29f01fcf485b5d7099e7db
Robert S. Hart,coroner,Public Safety,,nb,2020-06-09,2020-08-28,,3 years,,,True,OIC2020-119E,apt/nb/apt-nb-1eb9bdd5d0576ec26c4e544327c84d46-OIC2020-119E*2020-06-09*Public_Safety-2025-01-27T18:22:47,"119 JUNE 9, 2020 2020-119 1. Under subsection 2(2) of the Coroners Act, the Lieutenant- Governor in Council reappoints the following individuals as coroners, for a term three years: (a) Tracy Beal, Doaktown, New Brunswick, effective August 9, 2020; (b) Emily Caissy, Campbellton, New Brunswick, effective August 9, 2020; (c) John Evans, Fredericton, New Brunswick, effective July 13, 2020; (d) Jonathan Fulljames, Rossville, New Brunswick, effective August 3, 2020; (e) Douglas Wayne Getty, Bryenton, New Brunswick, effective August 3, 2020; (f) Pierrette Hache, Bertrand, New Brunswick, effective August 9, 2020; (g) Robert S. Hart, Bas Cap-Pele, effective August 28, 2020; (h) Robert W. Hewitson, Moncton, New Brunswick, effective December 22, 2020; (i) Paul F. McCarthy, Fredericton, New Brunswick, effective December 22, 2020; and (j) Robert W. Moore, Moncton, New Brunswick, effective August 29, 2020. 2. Under subsection 2(2) of the Coroners Act and section 26 of the Interpretation Act, the Lieutenant-Governor in Council revokes Order in Council 2010-409 dated August 12, 2010. 119 - 2 3. Under subsection 2(2) of the Coroners Act and section 26 ofthe Interpretation Act, the Lieutenant-Governor in Council revokes Order in Council 2013-274 dated September 4, 2013. 4. Under subsection 2(2) of the Coroners Act and section 26 of the Interpretation Act, the Lieutenant-Governor in Council revokes Order in Council 2013-186 dated June 20, 2013. Brenda L. Murphy Lieutenant-Governor This is to certify that the foregoing is a true copy of an Order of the Lieutenant-Governor in Council of the Je certifie que le document qui precede est une copie conforme d'un decret du lieutenant-gouverneur en conseil Province of New Brunswick, made on the 9 June 2020. de la province du Nouveau-Brunswick, pris le Secretary to Cabinet / Secretaire du Cabinet Baser-l/yo phtceca",https://ijf-next-frontend-git-apt-ijf.vercel.app/appointments/6756350e160721596a4727d72784436f
Robert W. Hewitson,coroner,Public Safety,,nb,2020-06-09,2020-12-22,,3 years,,,True,OIC2020-119E,apt/nb/apt-nb-1eb9bdd5d0576ec26c4e544327c84d46-OIC2020-119E*2020-06-09*Public_Safety-2025-01-27T18:22:47,"119 JUNE 9, 2020 2020-119 1. Under subsection 2(2) of the Coroners Act, the Lieutenant- Governor in Council reappoints the following individuals as coroners, for a term three years: (a) Tracy Beal, Doaktown, New Brunswick, effective August 9, 2020; (b) Emily Caissy, Campbellton, New Brunswick, effective August 9, 2020; (c) John Evans, Fredericton, New Brunswick, effective July 13, 2020; (d) Jonathan Fulljames, Rossville, New Brunswick, effective August 3, 2020; (e) Douglas Wayne Getty, Bryenton, New Brunswick, effective August 3, 2020; (f) Pierrette Hache, Bertrand, New Brunswick, effective August 9, 2020; (g) Robert S. Hart, Bas Cap-Pele, effective August 28, 2020; (h) Robert W. Hewitson, Moncton, New Brunswick, effective December 22, 2020; (i) Paul F. McCarthy, Fredericton, New Brunswick, effective December 22, 2020; and (j) Robert W. Moore, Moncton, New Brunswick, effective August 29, 2020. 2. Under subsection 2(2) of the Coroners Act and section 26 of the Interpretation Act, the Lieutenant-Governor in Council revokes Order in Council 2010-409 dated August 12, 2010. 119 - 2 3. Under subsection 2(2) of the Coroners Act and section 26 ofthe Interpretation Act, the Lieutenant-Governor in Council revokes Order in Council 2013-274 dated September 4, 2013. 4. Under subsection 2(2) of the Coroners Act and section 26 of the Interpretation Act, the Lieutenant-Governor in Council revokes Order in Council 2013-186 dated June 20, 2013. Brenda L. Murphy Lieutenant-Governor This is to certify that the foregoing is a true copy of an Order of the Lieutenant-Governor in Council of the Je certifie que le document qui precede est une copie conforme d'un decret du lieutenant-gouverneur en conseil Province of New Brunswick, made on the 9 June 2020. de la province du Nouveau-Brunswick, pris le Secretary to Cabinet / Secretaire du Cabinet Baser-l/yo phtceca",https://ijf-next-frontend-git-apt-ijf.vercel.app/appointments/fbeca7a102932d30920246ad33961c06
Robert W. Moore,coroner,Public Safety,,nb,2020-06-09,2020-08-29,,3 years,,,True,OIC2020-119E,apt/nb/apt-nb-1eb9bdd5d0576ec26c4e544327c84d46-OIC2020-119E*2020-06-09*Public_Safety-2025-01-27T18:22:47,"119 JUNE 9, 2020 2020-119 1. Under subsection 2(2) of the Coroners Act, the Lieutenant- Governor in Council reappoints the following individuals as coroners, for a term three years: (a) Tracy Beal, Doaktown, New Brunswick, effective August 9, 2020; (b) Emily Caissy, Campbellton, New Brunswick, effective August 9, 2020; (c) John Evans, Fredericton, New Brunswick, effective July 13, 2020; (d) Jonathan Fulljames, Rossville, New Brunswick, effective August 3, 2020; (e) Douglas Wayne Getty, Bryenton, New Brunswick, effective August 3, 2020; (f) Pierrette Hache, Bertrand, New Brunswick, effective August 9, 2020; (g) Robert S. Hart, Bas Cap-Pele, effective August 28, 2020; (h) Robert W. Hewitson, Moncton, New Brunswick, effective December 22, 2020; (i) Paul F. McCarthy, Fredericton, New Brunswick, effective December 22, 2020; and (j) Robert W. Moore, Moncton, New Brunswick, effective August 29, 2020. 2. Under subsection 2(2) of the Coroners Act and section 26 of the Interpretation Act, the Lieutenant-Governor in Council revokes Order in Council 2010-409 dated August 12, 2010. 119 - 2 3. Under subsection 2(2) of the Coroners Act and section 26 ofthe Interpretation Act, the Lieutenant-Governor in Council revokes Order in Council 2013-274 dated September 4, 2013. 4. Under subsection 2(2) of the Coroners Act and section 26 of the Interpretation Act, the Lieutenant-Governor in Council revokes Order in Council 2013-186 dated June 20, 2013. Brenda L. Murphy Lieutenant-Governor This is to certify that the foregoing is a true copy of an Order of the Lieutenant-Governor in Council of the Je certifie que le document qui precede est une copie conforme d'un decret du lieutenant-gouverneur en conseil Province of New Brunswick, made on the 9 June 2020. de la province du Nouveau-Brunswick, pris le Secretary to Cabinet / Secretaire du Cabinet Baser-l/yo phtceca",https://ijf-next-frontend-git-apt-ijf.vercel.app/appointments/053197528baa126073433b484b7fa8e8
Sadie Perron,Member,Executive Council Office,,nb,2020-06-09,2020-06-09,,3 years,,,False,OIC2020-123E,apt/nb/apt-nb-b3f5d55c90e47a2e47dcb50c4a22bb0d-OIC2020-123E*2020-06-09*Executive_Council_Office-2025-01-27T18:22:47,"123 JUNE 9, 2020 2020-123 1. Under section 2 of the Control of Municipalities Act, the Lieutenant-Governor in Council appoints Tom MacFarlane as Commissioner of Municipal Affairs, effective June 9, 2020. 2. Under subsection 2(1) of the Municipal Capital Borrowing Act, the Lieutenant-Governor in Council appoints Tom MacFarlane as a member and designates him as Chairman of the Municipal Capital Borrowing Board, effective June 9, 2020. 3. Under paragraph 7(1)(a) and subsection 9(1) of the Research and Productivity Council Act, the Lieutenant-Governor in Council appoints Sadie Perron as a member of the New Brunswick Research and Productivity Council, for a term of three years, effective June 9, 2020. 4. Under subsections 3(1) and 4(1) of the Agricultural Development Act, the Lieutenant-Governor in Council appoints Traci Simmonds as a member of the Agriculture, Aquaculture and Fisheries Development Board, representing Opportunities New Brunswick, for a term of three years, effective June 9, 2020. 5. Under section 2 ofthe Control of Municipalities Act and section 26 of the Interpretation Act, the Lieutenant-Governor in Council revokes Order in Council 2018-103 dated March 21, 2018. 6. Under subsection 2(1) of the Municipal Capital Borrowing Act and section 26 of the Interpretation Act, the Lieutenant-Governor in Council revokes section 1 of Order in Council 2014-450 dated December 19, 2014. 123 - 2 7. Under paragraph 7(1)(a) and subsections 9(1) and 9(2) of the Research and Productivity Council Act and section 26 of the Interpretation Act, the Lieutenant-Governor in Council revokes paragraph 1 (b) of Order in Council 2019-181 dated October 3, 2019. 8. Under section 2 of the Regional Development Corporation Act and section 26 of the Interpretation Act, the Lieutenant-Governor in Council revokes paragraph 3(a) of Order in Council 2012-94 dated March 14, 2012. 9. Under section 2 of the Regional Development Corporation Act and section 26 of the Interpretation Act, the Lieutenant-Governor in Council revokes paragraph 1(f) of Order in Council 2015-239 dated October 7, 2015. 10. Under subsections 3(1) and 4(1) of the Agricultural Development Act and section 26 of the Interpretation Act, the Lieutenant Governor in Council revokes section 3 of Order in Council 2018-45 dated January 30, 2018. • .7 Brenda L. Murphy Lieutenant-Governor This is to certify that the foregoing is a true copy of an Order of the Lieutenant-Governor in Council of the Je certifie que le document qui precede est une copie conforme d'un decret du lieutenant-gouverneur en conseil Province of New Brunswick, made on the 9 June 2020. de la province du Nouveau-Brunswick, pris le",https://ijf-next-frontend-git-apt-ijf.vercel.app/appointments/0205c2eefb9103db24d79618595ef238
Tom MacFarlane,Chairman of the Municipal Capital Borrowing Board,Executive Council Office,,nb,2020-06-09,2020-06-09,,,,,False,OIC2020-123E,apt/nb/apt-nb-b3f5d55c90e47a2e47dcb50c4a22bb0d-OIC2020-123E*2020-06-09*Executive_Council_Office-2025-01-27T18:22:47,"123 JUNE 9, 2020 2020-123 1. Under section 2 of the Control of Municipalities Act, the Lieutenant-Governor in Council appoints Tom MacFarlane as Commissioner of Municipal Affairs, effective June 9, 2020. 2. Under subsection 2(1) of the Municipal Capital Borrowing Act, the Lieutenant-Governor in Council appoints Tom MacFarlane as a member and designates him as Chairman of the Municipal Capital Borrowing Board, effective June 9, 2020. 3. Under paragraph 7(1)(a) and subsection 9(1) of the Research and Productivity Council Act, the Lieutenant-Governor in Council appoints Sadie Perron as a member of the New Brunswick Research and Productivity Council, for a term of three years, effective June 9, 2020. 4. Under subsections 3(1) and 4(1) of the Agricultural Development Act, the Lieutenant-Governor in Council appoints Traci Simmonds as a member of the Agriculture, Aquaculture and Fisheries Development Board, representing Opportunities New Brunswick, for a term of three years, effective June 9, 2020. 5. Under section 2 ofthe Control of Municipalities Act and section 26 of the Interpretation Act, the Lieutenant-Governor in Council revokes Order in Council 2018-103 dated March 21, 2018. 6. Under subsection 2(1) of the Municipal Capital Borrowing Act and section 26 of the Interpretation Act, the Lieutenant-Governor in Council revokes section 1 of Order in Council 2014-450 dated December 19, 2014. 123 - 2 7. Under paragraph 7(1)(a) and subsections 9(1) and 9(2) of the Research and Productivity Council Act and section 26 of the Interpretation Act, the Lieutenant-Governor in Council revokes paragraph 1 (b) of Order in Council 2019-181 dated October 3, 2019. 8. Under section 2 of the Regional Development Corporation Act and section 26 of the Interpretation Act, the Lieutenant-Governor in Council revokes paragraph 3(a) of Order in Council 2012-94 dated March 14, 2012. 9. Under section 2 of the Regional Development Corporation Act and section 26 of the Interpretation Act, the Lieutenant-Governor in Council revokes paragraph 1(f) of Order in Council 2015-239 dated October 7, 2015. 10. Under subsections 3(1) and 4(1) of the Agricultural Development Act and section 26 of the Interpretation Act, the Lieutenant Governor in Council revokes section 3 of Order in Council 2018-45 dated January 30, 2018. • .7 Brenda L. Murphy Lieutenant-Governor This is to certify that the foregoing is a true copy of an Order of the Lieutenant-Governor in Council of the Je certifie que le document qui precede est une copie conforme d'un decret du lieutenant-gouverneur en conseil Province of New Brunswick, made on the 9 June 2020. de la province du Nouveau-Brunswick, pris le",https://ijf-next-frontend-git-apt-ijf.vercel.app/appointments/10d3884ff5b2c9c566a98659b76f3b4a
Tom MacFarlane,Commissioner of Municipal Affairs,Executive Council Office,,nb,2020-06-09,2020-06-09,,,,,False,OIC2020-123E,apt/nb/apt-nb-b3f5d55c90e47a2e47dcb50c4a22bb0d-OIC2020-123E*2020-06-09*Executive_Council_Office-2025-01-27T18:22:47,"123 JUNE 9, 2020 2020-123 1. Under section 2 of the Control of Municipalities Act, the Lieutenant-Governor in Council appoints Tom MacFarlane as Commissioner of Municipal Affairs, effective June 9, 2020. 2. Under subsection 2(1) of the Municipal Capital Borrowing Act, the Lieutenant-Governor in Council appoints Tom MacFarlane as a member and designates him as Chairman of the Municipal Capital Borrowing Board, effective June 9, 2020. 3. Under paragraph 7(1)(a) and subsection 9(1) of the Research and Productivity Council Act, the Lieutenant-Governor in Council appoints Sadie Perron as a member of the New Brunswick Research and Productivity Council, for a term of three years, effective June 9, 2020. 4. Under subsections 3(1) and 4(1) of the Agricultural Development Act, the Lieutenant-Governor in Council appoints Traci Simmonds as a member of the Agriculture, Aquaculture and Fisheries Development Board, representing Opportunities New Brunswick, for a term of three years, effective June 9, 2020. 5. Under section 2 ofthe Control of Municipalities Act and section 26 of the Interpretation Act, the Lieutenant-Governor in Council revokes Order in Council 2018-103 dated March 21, 2018. 6. Under subsection 2(1) of the Municipal Capital Borrowing Act and section 26 of the Interpretation Act, the Lieutenant-Governor in Council revokes section 1 of Order in Council 2014-450 dated December 19, 2014. 123 - 2 7. Under paragraph 7(1)(a) and subsections 9(1) and 9(2) of the Research and Productivity Council Act and section 26 of the Interpretation Act, the Lieutenant-Governor in Council revokes paragraph 1 (b) of Order in Council 2019-181 dated October 3, 2019. 8. Under section 2 of the Regional Development Corporation Act and section 26 of the Interpretation Act, the Lieutenant-Governor in Council revokes paragraph 3(a) of Order in Council 2012-94 dated March 14, 2012. 9. Under section 2 of the Regional Development Corporation Act and section 26 of the Interpretation Act, the Lieutenant-Governor in Council revokes paragraph 1(f) of Order in Council 2015-239 dated October 7, 2015. 10. Under subsections 3(1) and 4(1) of the Agricultural Development Act and section 26 of the Interpretation Act, the Lieutenant Governor in Council revokes section 3 of Order in Council 2018-45 dated January 30, 2018. • .7 Brenda L. Murphy Lieutenant-Governor This is to certify that the foregoing is a true copy of an Order of the Lieutenant-Governor in Council of the Je certifie que le document qui precede est une copie conforme d'un decret du lieutenant-gouverneur en conseil Province of New Brunswick, made on the 9 June 2020. de la province du Nouveau-Brunswick, pris le",https://ijf-next-frontend-git-apt-ijf.vercel.app/appointments/011ad46aab61161666b4ed7f7cb4300d
Traci Simmonds,Member,Executive Council Office,,nb,2020-06-09,2020-06-09,,3 years,,,False,OIC2020-123E,apt/nb/apt-nb-b3f5d55c90e47a2e47dcb50c4a22bb0d-OIC2020-123E*2020-06-09*Executive_Council_Office-2025-01-27T18:22:47,"123 JUNE 9, 2020 2020-123 1. Under section 2 of the Control of Municipalities Act, the Lieutenant-Governor in Council appoints Tom MacFarlane as Commissioner of Municipal Affairs, effective June 9, 2020. 2. Under subsection 2(1) of the Municipal Capital Borrowing Act, the Lieutenant-Governor in Council appoints Tom MacFarlane as a member and designates him as Chairman of the Municipal Capital Borrowing Board, effective June 9, 2020. 3. Under paragraph 7(1)(a) and subsection 9(1) of the Research and Productivity Council Act, the Lieutenant-Governor in Council appoints Sadie Perron as a member of the New Brunswick Research and Productivity Council, for a term of three years, effective June 9, 2020. 4. Under subsections 3(1) and 4(1) of the Agricultural Development Act, the Lieutenant-Governor in Council appoints Traci Simmonds as a member of the Agriculture, Aquaculture and Fisheries Development Board, representing Opportunities New Brunswick, for a term of three years, effective June 9, 2020. 5. Under section 2 ofthe Control of Municipalities Act and section 26 of the Interpretation Act, the Lieutenant-Governor in Council revokes Order in Council 2018-103 dated March 21, 2018. 6. Under subsection 2(1) of the Municipal Capital Borrowing Act and section 26 of the Interpretation Act, the Lieutenant-Governor in Council revokes section 1 of Order in Council 2014-450 dated December 19, 2014. 123 - 2 7. Under paragraph 7(1)(a) and subsections 9(1) and 9(2) of the Research and Productivity Council Act and section 26 of the Interpretation Act, the Lieutenant-Governor in Council revokes paragraph 1 (b) of Order in Council 2019-181 dated October 3, 2019. 8. Under section 2 of the Regional Development Corporation Act and section 26 of the Interpretation Act, the Lieutenant-Governor in Council revokes paragraph 3(a) of Order in Council 2012-94 dated March 14, 2012. 9. Under section 2 of the Regional Development Corporation Act and section 26 of the Interpretation Act, the Lieutenant-Governor in Council revokes paragraph 1(f) of Order in Council 2015-239 dated October 7, 2015. 10. Under subsections 3(1) and 4(1) of the Agricultural Development Act and section 26 of the Interpretation Act, the Lieutenant Governor in Council revokes section 3 of Order in Council 2018-45 dated January 30, 2018. • .7 Brenda L. Murphy Lieutenant-Governor This is to certify that the foregoing is a true copy of an Order of the Lieutenant-Governor in Council of the Je certifie que le document qui precede est une copie conforme d'un decret du lieutenant-gouverneur en conseil Province of New Brunswick, made on the 9 June 2020. de la province du Nouveau-Brunswick, pris le",https://ijf-next-frontend-git-apt-ijf.vercel.app/appointments/ec9bf2af9cb42923b5042b37de365a9c
Tracy Beal,coroner,Public Safety,,nb,2020-06-09,2020-08-09,,3 years,,,True,OIC2020-119E,apt/nb/apt-nb-1eb9bdd5d0576ec26c4e544327c84d46-OIC2020-119E*2020-06-09*Public_Safety-2025-01-27T18:22:47,"119 JUNE 9, 2020 2020-119 1. Under subsection 2(2) of the Coroners Act, the Lieutenant- Governor in Council reappoints the following individuals as coroners, for a term three years: (a) Tracy Beal, Doaktown, New Brunswick, effective August 9, 2020; (b) Emily Caissy, Campbellton, New Brunswick, effective August 9, 2020; (c) John Evans, Fredericton, New Brunswick, effective July 13, 2020; (d) Jonathan Fulljames, Rossville, New Brunswick, effective August 3, 2020; (e) Douglas Wayne Getty, Bryenton, New Brunswick, effective August 3, 2020; (f) Pierrette Hache, Bertrand, New Brunswick, effective August 9, 2020; (g) Robert S. Hart, Bas Cap-Pele, effective August 28, 2020; (h) Robert W. Hewitson, Moncton, New Brunswick, effective December 22, 2020; (i) Paul F. McCarthy, Fredericton, New Brunswick, effective December 22, 2020; and (j) Robert W. Moore, Moncton, New Brunswick, effective August 29, 2020. 2. Under subsection 2(2) of the Coroners Act and section 26 of the Interpretation Act, the Lieutenant-Governor in Council revokes Order in Council 2010-409 dated August 12, 2010. 119 - 2 3. Under subsection 2(2) of the Coroners Act and section 26 ofthe Interpretation Act, the Lieutenant-Governor in Council revokes Order in Council 2013-274 dated September 4, 2013. 4. Under subsection 2(2) of the Coroners Act and section 26 of the Interpretation Act, the Lieutenant-Governor in Council revokes Order in Council 2013-186 dated June 20, 2013. Brenda L. Murphy Lieutenant-Governor This is to certify that the foregoing is a true copy of an Order of the Lieutenant-Governor in Council of the Je certifie que le document qui precede est une copie conforme d'un decret du lieutenant-gouverneur en conseil Province of New Brunswick, made on the 9 June 2020. de la province du Nouveau-Brunswick, pris le Secretary to Cabinet / Secretaire du Cabinet Baser-l/yo phtceca",https://ijf-next-frontend-git-apt-ijf.vercel.app/appointments/d7b920bf3d9d7c80483ecd6d61c15853
Bruce Wood,member of the Board of Directors,Finance and Treasury Board,,nb,2020-06-16,2020-07-17,,3 years,,,False,OIC2020-127E,apt/nb/apt-nb-29d5bf7a7f51f5401fef539e80ed67c0-OIC2020-127E*2020-06-16*Finance_and_Treasury_Board-2025-01-27T18:22:47,"127 JUNE 16, 2020 2020-127 Under paragraph 6(1 )(b) and subsection 6(2) of the New Brunswick Liquor Corporation Act, the Lieutenant-Governor in Council appoints Bruce Wood, Moncton, New Brunswick, as a member of the Board of Directors of the New Brunswick Liquor Corporation, for a term of three years, effective July 17, 2020. 8 m,pr, Brenda L. Murphy Lieutenant-Governor This is to certify that the foregoing is a true copy of an Order of the Lieutenant-Governor in Council of the Je certifie que le document qui precede est une copie conforme d'un decret du lieutenant-gouverneur en conseil Province of New Brunswick, made on the 16 June 2020. de la province du Nouveau-Brunswick, pris le Secretary to Cabineot / Sencreta-i re du Cabinet /ate. )))o)€",https://ijf-next-frontend-git-apt-ijf.vercel.app/appointments/2d63e3be827ea7ffd265672ade52a51b
Christopher MacDonald,Member,Post-Secondary Education Training and Labour,,nb,2020-06-16,2020-06-16,,3 years,,,False,OIC2020-125E,apt/nb/apt-nb-82f01f0fe7b47e97df8c9ad79b4bd93e-OIC2020-125E*2020-06-16*Post-Secondary_Education_Training_and_Labour-2025-01-27T18:22:47,"125 JUNE 16, 2020 2020-125 Under paragraph 23(1(i) and subsection 24(1) of the University of New Brunswick Act, the Lieutenant-Governor in Council appoints the following individuals as members of the University of New Brunswick Board of Governors, for a term of three years, effective June 16, 2020: (a) Wayne Carson, Mississauga, Ontario; (b) Kevin Hoyt, Quispamsis, New Brunswick; (c) Janet Knox, Bedford, Nova Scotia; (d) Julia Maclauchlan, McKinney, Texas, U.S.A.; and (e) Christopher MacDonald, Fredericton, New Brunswick. 0y Brenda L. Murphy Lieutenant-Governor This is to certify that the foregoing is a true copy of an Order of the Lieutenant-Governor in Council of the Je certifie que le document qui precede est une copie conforme d'un decret du lieutenant-gouverneur en conseil Province of New Brunswick, made on the 16 June 2020. de la province du Nouveau-Brunswick, pris le",https://ijf-next-frontend-git-apt-ijf.vercel.app/appointments/2dffa95871854aa2a892cb1d5ef9c4ce
Claire Roussel-Sullivan,member and Chair,Post-Secondary Education Training and Labour,,nb,2020-06-16,2020-06-16,,3 years,,,False,OIC2020-126E,apt/nb/apt-nb-3c87f7571b2cc40d6bf337af18c62679-OIC2020-126E*2020-06-16*Post-Secondary_Education_Training_and_Labour-2025-01-27T18:22:47,"126 JUNE 16, 2020 2020-126 1. Under subsections 12(3) and 12(4) of the Human Rights Act, the Lieutenant-Governor in Council appoints Claire Roussel-Sullivan, Moncton, New Brunswick, as a member and designates her as Chair of the New Brunswick Human Rights Commission, for a term of three years, effective June 16, 2020. 2. Under subsections 12(3) and 12(4) of the Human Rights Act and section 26 of the Interpretation Act, the Lieutenant-Governor in Council revokes Order in Council 2018-274 dated July 12, 2018. < s h0 Brenda L. Murphy Lieutenant-Governor This is to certify that the foregoing is a true copy of an Order of the Lieutenant-Governor in Council of the Je certifie que le document qui precede est une copie conforme d'un decret du lieutenant-gouverneur en conseil Province of New Brunswick, made on the 16 June 2020. de la province du Nouveau-Brunswick, pris le Secretary to Cabbin5et / uSecpretaire6 du Cabine t Ptee.",https://ijf-next-frontend-git-apt-ijf.vercel.app/appointments/9ba2f9dab76a289958df8dc1801a9916
Denis Nadeau,member,Post-Secondary Education Training and Labour,,nb,2020-06-16,2020-07-01,,3 years,,,True,OIC2020-124E,apt/nb/apt-nb-61f7850569d6f59049e7f77c7e24197b-OIC2020-124E*2020-06-16*Post-Secondary_Education_Training_and_Labour-2025-01-27T18:22:47,"124 JUNE 16, 2020 2020-124 1. Under paragraph 9(3)(a) and subsection 11(1) of the New Brunswick Community Colleges Act, the Lieutenant-Governor in Council reappoints Denis Nadeau, Edmundston, New Brunswick, as a member to the Board of Governors of the College communautaire du Nouveau Brunswick, as a person nominated by the Board of Governors of the College communautaire du Nouveau-Brunswick, for a term of three years, effective July 1, 2020. 2. Under paragraph 9(3)(a) and subsection 11(1) of the New Brunswick Community Colleges Act, the Lieutenant-Governor in Council appoints Rejean Boudreau, Moncton, New Brunswick, as a member to the Board of Governors of the College communautaire du Nouveau-Brunswick, as a person nominated by the Board of Governors, for a term of three years, effective July 1, 2020. 3. Under paragraph 9(3)(b) and subsection 11 (1) of the New Brunswick Community Colleges Act, the Lieutenant-Governor in Council appoints Hermel Vienneau, Petit Rocher, New Brunswick, as a member to the Board of Governors of the College communautaire du Nouveau Brunswick, as a person nominated by the Minister of Post-Secondary Education, Training and Labour, for a term of three years, effective July 1, 2020. 4. Under paragraph 9(3)(b) and subsection 11(1) of the New Brunswick Community Colleges Act, the Lieutenant-Governor in Council reappoints Steve Lambert, Campbellton, New Brunswick, as a member to the Board of Governors of the College communautaire du Nouveau Brunswick, as a person nominated by the Minister of Post-Secondary Education, Training and Labour, for a term of three years, effective July 1, 2020. 124 -2 - 5. Under paragraph 9(3)(c) and subsection and 11(2) of the New Brunswick Community Colleges Act, the Lieutenant-Governor in Council appoints Sonia Chiasson, Village Blanchard, New Brunswick, to the Board of Governors of the College communautaire du Nouveau-Brunswick as the student nominated by the students, for a term of two years, effective July 1, 2020. 6. Under paragraph 9(3)(d) and subsection 11 (8) of the New Brunswick Community Colleges Act, the Lieutenant-Governor in Council appoints Violette Desjardins, Campbellton, New Brunswick, to the Board of Governors of the College communautaire du Nouveau-Brunswick as the non-academic staff person nominated by its non-academic staff, for a term ending June 29, 2022. 7. Under paragraph 9(3)(d) of the New Brunswick Community Colleges Act and section 26 of the Interpretation Act, the Lieutenant Governor in Council revokes Order in Council 2019-109 dated June 6, 2019. 8. Under paragraph 9(3)(e) and subsections 9(2) and 11 (2) of the New Brunswick Community Colleges Act and section 26 ofthe Interpretation Act, the Lieutenant-Governor in Council revokes Order in Council 2019-163 dated September 9, 2019. Brenda L. Murphy Lieutenant-Governor This is to certify that the foregoing is a true copy of an Order of the Lieutenant-Governor in Council of the Je certifie que le document qui precede est une copie conforme d'un decret du lieutenant-gouverneur en conseil Province of New Brunswick, made on the 16 June 2020. de la province du Nouveau-Brunswick, pris le Secretary to Cabinet / Secretaire du Cabinet g' c c. brg o- c 3/Ju Jr =. ?)",https://ijf-next-frontend-git-apt-ijf.vercel.app/appointments/f60cada140e1afa77b042616b8aeec3e
Hermel Vienneau,member,Post-Secondary Education Training and Labour,,nb,2020-06-16,2020-07-01,,3 years,,,False,OIC2020-124E,apt/nb/apt-nb-61f7850569d6f59049e7f77c7e24197b-OIC2020-124E*2020-06-16*Post-Secondary_Education_Training_and_Labour-2025-01-27T18:22:47,"124 JUNE 16, 2020 2020-124 1. Under paragraph 9(3)(a) and subsection 11(1) of the New Brunswick Community Colleges Act, the Lieutenant-Governor in Council reappoints Denis Nadeau, Edmundston, New Brunswick, as a member to the Board of Governors of the College communautaire du Nouveau Brunswick, as a person nominated by the Board of Governors of the College communautaire du Nouveau-Brunswick, for a term of three years, effective July 1, 2020. 2. Under paragraph 9(3)(a) and subsection 11(1) of the New Brunswick Community Colleges Act, the Lieutenant-Governor in Council appoints Rejean Boudreau, Moncton, New Brunswick, as a member to the Board of Governors of the College communautaire du Nouveau-Brunswick, as a person nominated by the Board of Governors, for a term of three years, effective July 1, 2020. 3. Under paragraph 9(3)(b) and subsection 11 (1) of the New Brunswick Community Colleges Act, the Lieutenant-Governor in Council appoints Hermel Vienneau, Petit Rocher, New Brunswick, as a member to the Board of Governors of the College communautaire du Nouveau Brunswick, as a person nominated by the Minister of Post-Secondary Education, Training and Labour, for a term of three years, effective July 1, 2020. 4. Under paragraph 9(3)(b) and subsection 11(1) of the New Brunswick Community Colleges Act, the Lieutenant-Governor in Council reappoints Steve Lambert, Campbellton, New Brunswick, as a member to the Board of Governors of the College communautaire du Nouveau Brunswick, as a person nominated by the Minister of Post-Secondary Education, Training and Labour, for a term of three years, effective July 1, 2020. 124 -2 - 5. Under paragraph 9(3)(c) and subsection and 11(2) of the New Brunswick Community Colleges Act, the Lieutenant-Governor in Council appoints Sonia Chiasson, Village Blanchard, New Brunswick, to the Board of Governors of the College communautaire du Nouveau-Brunswick as the student nominated by the students, for a term of two years, effective July 1, 2020. 6. Under paragraph 9(3)(d) and subsection 11 (8) of the New Brunswick Community Colleges Act, the Lieutenant-Governor in Council appoints Violette Desjardins, Campbellton, New Brunswick, to the Board of Governors of the College communautaire du Nouveau-Brunswick as the non-academic staff person nominated by its non-academic staff, for a term ending June 29, 2022. 7. Under paragraph 9(3)(d) of the New Brunswick Community Colleges Act and section 26 of the Interpretation Act, the Lieutenant Governor in Council revokes Order in Council 2019-109 dated June 6, 2019. 8. Under paragraph 9(3)(e) and subsections 9(2) and 11 (2) of the New Brunswick Community Colleges Act and section 26 ofthe Interpretation Act, the Lieutenant-Governor in Council revokes Order in Council 2019-163 dated September 9, 2019. Brenda L. Murphy Lieutenant-Governor This is to certify that the foregoing is a true copy of an Order of the Lieutenant-Governor in Council of the Je certifie que le document qui precede est une copie conforme d'un decret du lieutenant-gouverneur en conseil Province of New Brunswick, made on the 16 June 2020. de la province du Nouveau-Brunswick, pris le Secretary to Cabinet / Secretaire du Cabinet g' c c. brg o- c 3/Ju Jr =. ?)",https://ijf-next-frontend-git-apt-ijf.vercel.app/appointments/689c50890c0612838beb403ff012b2e1
Janet Knox,Member,Post-Secondary Education Training and Labour,,nb,2020-06-16,2020-06-16,,3 years,,,False,OIC2020-125E,apt/nb/apt-nb-82f01f0fe7b47e97df8c9ad79b4bd93e-OIC2020-125E*2020-06-16*Post-Secondary_Education_Training_and_Labour-2025-01-27T18:22:47,"125 JUNE 16, 2020 2020-125 Under paragraph 23(1(i) and subsection 24(1) of the University of New Brunswick Act, the Lieutenant-Governor in Council appoints the following individuals as members of the University of New Brunswick Board of Governors, for a term of three years, effective June 16, 2020: (a) Wayne Carson, Mississauga, Ontario; (b) Kevin Hoyt, Quispamsis, New Brunswick; (c) Janet Knox, Bedford, Nova Scotia; (d) Julia Maclauchlan, McKinney, Texas, U.S.A.; and (e) Christopher MacDonald, Fredericton, New Brunswick. 0y Brenda L. Murphy Lieutenant-Governor This is to certify that the foregoing is a true copy of an Order of the Lieutenant-Governor in Council of the Je certifie que le document qui precede est une copie conforme d'un decret du lieutenant-gouverneur en conseil Province of New Brunswick, made on the 16 June 2020. de la province du Nouveau-Brunswick, pris le",https://ijf-next-frontend-git-apt-ijf.vercel.app/appointments/ea013686dad6409b08dc3c399ac5a91b
Julia Maclauchlan,Member,Post-Secondary Education Training and Labour,,nb,2020-06-16,2020-06-16,,3 years,,,False,OIC2020-125E,apt/nb/apt-nb-82f01f0fe7b47e97df8c9ad79b4bd93e-OIC2020-125E*2020-06-16*Post-Secondary_Education_Training_and_Labour-2025-01-27T18:22:47,"125 JUNE 16, 2020 2020-125 Under paragraph 23(1(i) and subsection 24(1) of the University of New Brunswick Act, the Lieutenant-Governor in Council appoints the following individuals as members of the University of New Brunswick Board of Governors, for a term of three years, effective June 16, 2020: (a) Wayne Carson, Mississauga, Ontario; (b) Kevin Hoyt, Quispamsis, New Brunswick; (c) Janet Knox, Bedford, Nova Scotia; (d) Julia Maclauchlan, McKinney, Texas, U.S.A.; and (e) Christopher MacDonald, Fredericton, New Brunswick. 0y Brenda L. Murphy Lieutenant-Governor This is to certify that the foregoing is a true copy of an Order of the Lieutenant-Governor in Council of the Je certifie que le document qui precede est une copie conforme d'un decret du lieutenant-gouverneur en conseil Province of New Brunswick, made on the 16 June 2020. de la province du Nouveau-Brunswick, pris le",https://ijf-next-frontend-git-apt-ijf.vercel.app/appointments/67af2dbd03f1e1345f6b258f71607058
Kevin Hoyt,Member,Post-Secondary Education Training and Labour,,nb,2020-06-16,2020-06-16,,3 years,,,False,OIC2020-125E,apt/nb/apt-nb-82f01f0fe7b47e97df8c9ad79b4bd93e-OIC2020-125E*2020-06-16*Post-Secondary_Education_Training_and_Labour-2025-01-27T18:22:47,"125 JUNE 16, 2020 2020-125 Under paragraph 23(1(i) and subsection 24(1) of the University of New Brunswick Act, the Lieutenant-Governor in Council appoints the following individuals as members of the University of New Brunswick Board of Governors, for a term of three years, effective June 16, 2020: (a) Wayne Carson, Mississauga, Ontario; (b) Kevin Hoyt, Quispamsis, New Brunswick; (c) Janet Knox, Bedford, Nova Scotia; (d) Julia Maclauchlan, McKinney, Texas, U.S.A.; and (e) Christopher MacDonald, Fredericton, New Brunswick. 0y Brenda L. Murphy Lieutenant-Governor This is to certify that the foregoing is a true copy of an Order of the Lieutenant-Governor in Council of the Je certifie que le document qui precede est une copie conforme d'un decret du lieutenant-gouverneur en conseil Province of New Brunswick, made on the 16 June 2020. de la province du Nouveau-Brunswick, pris le",https://ijf-next-frontend-git-apt-ijf.vercel.app/appointments/ec788a9061dff8f4c6028e4beba0f16e
Rejean Boudreau,member,Post-Secondary Education Training and Labour,,nb,2020-06-16,2020-07-01,,3 years,,,False,OIC2020-124E,apt/nb/apt-nb-61f7850569d6f59049e7f77c7e24197b-OIC2020-124E*2020-06-16*Post-Secondary_Education_Training_and_Labour-2025-01-27T18:22:47,"124 JUNE 16, 2020 2020-124 1. Under paragraph 9(3)(a) and subsection 11(1) of the New Brunswick Community Colleges Act, the Lieutenant-Governor in Council reappoints Denis Nadeau, Edmundston, New Brunswick, as a member to the Board of Governors of the College communautaire du Nouveau Brunswick, as a person nominated by the Board of Governors of the College communautaire du Nouveau-Brunswick, for a term of three years, effective July 1, 2020. 2. Under paragraph 9(3)(a) and subsection 11(1) of the New Brunswick Community Colleges Act, the Lieutenant-Governor in Council appoints Rejean Boudreau, Moncton, New Brunswick, as a member to the Board of Governors of the College communautaire du Nouveau-Brunswick, as a person nominated by the Board of Governors, for a term of three years, effective July 1, 2020. 3. Under paragraph 9(3)(b) and subsection 11 (1) of the New Brunswick Community Colleges Act, the Lieutenant-Governor in Council appoints Hermel Vienneau, Petit Rocher, New Brunswick, as a member to the Board of Governors of the College communautaire du Nouveau Brunswick, as a person nominated by the Minister of Post-Secondary Education, Training and Labour, for a term of three years, effective July 1, 2020. 4. Under paragraph 9(3)(b) and subsection 11(1) of the New Brunswick Community Colleges Act, the Lieutenant-Governor in Council reappoints Steve Lambert, Campbellton, New Brunswick, as a member to the Board of Governors of the College communautaire du Nouveau Brunswick, as a person nominated by the Minister of Post-Secondary Education, Training and Labour, for a term of three years, effective July 1, 2020. 124 -2 - 5. Under paragraph 9(3)(c) and subsection and 11(2) of the New Brunswick Community Colleges Act, the Lieutenant-Governor in Council appoints Sonia Chiasson, Village Blanchard, New Brunswick, to the Board of Governors of the College communautaire du Nouveau-Brunswick as the student nominated by the students, for a term of two years, effective July 1, 2020. 6. Under paragraph 9(3)(d) and subsection 11 (8) of the New Brunswick Community Colleges Act, the Lieutenant-Governor in Council appoints Violette Desjardins, Campbellton, New Brunswick, to the Board of Governors of the College communautaire du Nouveau-Brunswick as the non-academic staff person nominated by its non-academic staff, for a term ending June 29, 2022. 7. Under paragraph 9(3)(d) of the New Brunswick Community Colleges Act and section 26 of the Interpretation Act, the Lieutenant Governor in Council revokes Order in Council 2019-109 dated June 6, 2019. 8. Under paragraph 9(3)(e) and subsections 9(2) and 11 (2) of the New Brunswick Community Colleges Act and section 26 ofthe Interpretation Act, the Lieutenant-Governor in Council revokes Order in Council 2019-163 dated September 9, 2019. Brenda L. Murphy Lieutenant-Governor This is to certify that the foregoing is a true copy of an Order of the Lieutenant-Governor in Council of the Je certifie que le document qui precede est une copie conforme d'un decret du lieutenant-gouverneur en conseil Province of New Brunswick, made on the 16 June 2020. de la province du Nouveau-Brunswick, pris le Secretary to Cabinet / Secretaire du Cabinet g' c c. brg o- c 3/Ju Jr =. ?)",https://ijf-next-frontend-git-apt-ijf.vercel.app/appointments/b016368e474e7bf545e7a65a6fc19e3d
Sonia Chiasson,student,Post-Secondary Education Training and Labour,,nb,2020-06-16,2020-07-01,,2 years,,,False,OIC2020-124E,apt/nb/apt-nb-61f7850569d6f59049e7f77c7e24197b-OIC2020-124E*2020-06-16*Post-Secondary_Education_Training_and_Labour-2025-01-27T18:22:47,"124 JUNE 16, 2020 2020-124 1. Under paragraph 9(3)(a) and subsection 11(1) of the New Brunswick Community Colleges Act, the Lieutenant-Governor in Council reappoints Denis Nadeau, Edmundston, New Brunswick, as a member to the Board of Governors of the College communautaire du Nouveau Brunswick, as a person nominated by the Board of Governors of the College communautaire du Nouveau-Brunswick, for a term of three years, effective July 1, 2020. 2. Under paragraph 9(3)(a) and subsection 11(1) of the New Brunswick Community Colleges Act, the Lieutenant-Governor in Council appoints Rejean Boudreau, Moncton, New Brunswick, as a member to the Board of Governors of the College communautaire du Nouveau-Brunswick, as a person nominated by the Board of Governors, for a term of three years, effective July 1, 2020. 3. Under paragraph 9(3)(b) and subsection 11 (1) of the New Brunswick Community Colleges Act, the Lieutenant-Governor in Council appoints Hermel Vienneau, Petit Rocher, New Brunswick, as a member to the Board of Governors of the College communautaire du Nouveau Brunswick, as a person nominated by the Minister of Post-Secondary Education, Training and Labour, for a term of three years, effective July 1, 2020. 4. Under paragraph 9(3)(b) and subsection 11(1) of the New Brunswick Community Colleges Act, the Lieutenant-Governor in Council reappoints Steve Lambert, Campbellton, New Brunswick, as a member to the Board of Governors of the College communautaire du Nouveau Brunswick, as a person nominated by the Minister of Post-Secondary Education, Training and Labour, for a term of three years, effective July 1, 2020. 124 -2 - 5. Under paragraph 9(3)(c) and subsection and 11(2) of the New Brunswick Community Colleges Act, the Lieutenant-Governor in Council appoints Sonia Chiasson, Village Blanchard, New Brunswick, to the Board of Governors of the College communautaire du Nouveau-Brunswick as the student nominated by the students, for a term of two years, effective July 1, 2020. 6. Under paragraph 9(3)(d) and subsection 11 (8) of the New Brunswick Community Colleges Act, the Lieutenant-Governor in Council appoints Violette Desjardins, Campbellton, New Brunswick, to the Board of Governors of the College communautaire du Nouveau-Brunswick as the non-academic staff person nominated by its non-academic staff, for a term ending June 29, 2022. 7. Under paragraph 9(3)(d) of the New Brunswick Community Colleges Act and section 26 of the Interpretation Act, the Lieutenant Governor in Council revokes Order in Council 2019-109 dated June 6, 2019. 8. Under paragraph 9(3)(e) and subsections 9(2) and 11 (2) of the New Brunswick Community Colleges Act and section 26 ofthe Interpretation Act, the Lieutenant-Governor in Council revokes Order in Council 2019-163 dated September 9, 2019. Brenda L. Murphy Lieutenant-Governor This is to certify that the foregoing is a true copy of an Order of the Lieutenant-Governor in Council of the Je certifie que le document qui precede est une copie conforme d'un decret du lieutenant-gouverneur en conseil Province of New Brunswick, made on the 16 June 2020. de la province du Nouveau-Brunswick, pris le Secretary to Cabinet / Secretaire du Cabinet g' c c. brg o- c 3/Ju Jr =. ?)",https://ijf-next-frontend-git-apt-ijf.vercel.app/appointments/1a772d7845be3ff23b3117d6a4ee01f7
Steve Lambert,member,Post-Secondary Education Training and Labour,,nb,2020-06-16,2020-07-01,,3 years,,,True,OIC2020-124E,apt/nb/apt-nb-61f7850569d6f59049e7f77c7e24197b-OIC2020-124E*2020-06-16*Post-Secondary_Education_Training_and_Labour-2025-01-27T18:22:47,"124 JUNE 16, 2020 2020-124 1. Under paragraph 9(3)(a) and subsection 11(1) of the New Brunswick Community Colleges Act, the Lieutenant-Governor in Council reappoints Denis Nadeau, Edmundston, New Brunswick, as a member to the Board of Governors of the College communautaire du Nouveau Brunswick, as a person nominated by the Board of Governors of the College communautaire du Nouveau-Brunswick, for a term of three years, effective July 1, 2020. 2. Under paragraph 9(3)(a) and subsection 11(1) of the New Brunswick Community Colleges Act, the Lieutenant-Governor in Council appoints Rejean Boudreau, Moncton, New Brunswick, as a member to the Board of Governors of the College communautaire du Nouveau-Brunswick, as a person nominated by the Board of Governors, for a term of three years, effective July 1, 2020. 3. Under paragraph 9(3)(b) and subsection 11 (1) of the New Brunswick Community Colleges Act, the Lieutenant-Governor in Council appoints Hermel Vienneau, Petit Rocher, New Brunswick, as a member to the Board of Governors of the College communautaire du Nouveau Brunswick, as a person nominated by the Minister of Post-Secondary Education, Training and Labour, for a term of three years, effective July 1, 2020. 4. Under paragraph 9(3)(b) and subsection 11(1) of the New Brunswick Community Colleges Act, the Lieutenant-Governor in Council reappoints Steve Lambert, Campbellton, New Brunswick, as a member to the Board of Governors of the College communautaire du Nouveau Brunswick, as a person nominated by the Minister of Post-Secondary Education, Training and Labour, for a term of three years, effective July 1, 2020. 124 -2 - 5. Under paragraph 9(3)(c) and subsection and 11(2) of the New Brunswick Community Colleges Act, the Lieutenant-Governor in Council appoints Sonia Chiasson, Village Blanchard, New Brunswick, to the Board of Governors of the College communautaire du Nouveau-Brunswick as the student nominated by the students, for a term of two years, effective July 1, 2020. 6. Under paragraph 9(3)(d) and subsection 11 (8) of the New Brunswick Community Colleges Act, the Lieutenant-Governor in Council appoints Violette Desjardins, Campbellton, New Brunswick, to the Board of Governors of the College communautaire du Nouveau-Brunswick as the non-academic staff person nominated by its non-academic staff, for a term ending June 29, 2022. 7. Under paragraph 9(3)(d) of the New Brunswick Community Colleges Act and section 26 of the Interpretation Act, the Lieutenant Governor in Council revokes Order in Council 2019-109 dated June 6, 2019. 8. Under paragraph 9(3)(e) and subsections 9(2) and 11 (2) of the New Brunswick Community Colleges Act and section 26 ofthe Interpretation Act, the Lieutenant-Governor in Council revokes Order in Council 2019-163 dated September 9, 2019. Brenda L. Murphy Lieutenant-Governor This is to certify that the foregoing is a true copy of an Order of the Lieutenant-Governor in Council of the Je certifie que le document qui precede est une copie conforme d'un decret du lieutenant-gouverneur en conseil Province of New Brunswick, made on the 16 June 2020. de la province du Nouveau-Brunswick, pris le Secretary to Cabinet / Secretaire du Cabinet g' c c. brg o- c 3/Ju Jr =. ?)",https://ijf-next-frontend-git-apt-ijf.vercel.app/appointments/498f26e46ba0afd9a050116492911654
Violette Desjardins,non-academic staff person,Post-Secondary Education Training and Labour,,nb,2020-06-16,2020-07-01,2022-06-29,1 years and 12 months,,,False,OIC2020-124E,apt/nb/apt-nb-61f7850569d6f59049e7f77c7e24197b-OIC2020-124E*2020-06-16*Post-Secondary_Education_Training_and_Labour-2025-01-27T18:22:47,"124 JUNE 16, 2020 2020-124 1. Under paragraph 9(3)(a) and subsection 11(1) of the New Brunswick Community Colleges Act, the Lieutenant-Governor in Council reappoints Denis Nadeau, Edmundston, New Brunswick, as a member to the Board of Governors of the College communautaire du Nouveau Brunswick, as a person nominated by the Board of Governors of the College communautaire du Nouveau-Brunswick, for a term of three years, effective July 1, 2020. 2. Under paragraph 9(3)(a) and subsection 11(1) of the New Brunswick Community Colleges Act, the Lieutenant-Governor in Council appoints Rejean Boudreau, Moncton, New Brunswick, as a member to the Board of Governors of the College communautaire du Nouveau-Brunswick, as a person nominated by the Board of Governors, for a term of three years, effective July 1, 2020. 3. Under paragraph 9(3)(b) and subsection 11 (1) of the New Brunswick Community Colleges Act, the Lieutenant-Governor in Council appoints Hermel Vienneau, Petit Rocher, New Brunswick, as a member to the Board of Governors of the College communautaire du Nouveau Brunswick, as a person nominated by the Minister of Post-Secondary Education, Training and Labour, for a term of three years, effective July 1, 2020. 4. Under paragraph 9(3)(b) and subsection 11(1) of the New Brunswick Community Colleges Act, the Lieutenant-Governor in Council reappoints Steve Lambert, Campbellton, New Brunswick, as a member to the Board of Governors of the College communautaire du Nouveau Brunswick, as a person nominated by the Minister of Post-Secondary Education, Training and Labour, for a term of three years, effective July 1, 2020. 124 -2 - 5. Under paragraph 9(3)(c) and subsection and 11(2) of the New Brunswick Community Colleges Act, the Lieutenant-Governor in Council appoints Sonia Chiasson, Village Blanchard, New Brunswick, to the Board of Governors of the College communautaire du Nouveau-Brunswick as the student nominated by the students, for a term of two years, effective July 1, 2020. 6. Under paragraph 9(3)(d) and subsection 11 (8) of the New Brunswick Community Colleges Act, the Lieutenant-Governor in Council appoints Violette Desjardins, Campbellton, New Brunswick, to the Board of Governors of the College communautaire du Nouveau-Brunswick as the non-academic staff person nominated by its non-academic staff, for a term ending June 29, 2022. 7. Under paragraph 9(3)(d) of the New Brunswick Community Colleges Act and section 26 of the Interpretation Act, the Lieutenant Governor in Council revokes Order in Council 2019-109 dated June 6, 2019. 8. Under paragraph 9(3)(e) and subsections 9(2) and 11 (2) of the New Brunswick Community Colleges Act and section 26 ofthe Interpretation Act, the Lieutenant-Governor in Council revokes Order in Council 2019-163 dated September 9, 2019. Brenda L. Murphy Lieutenant-Governor This is to certify that the foregoing is a true copy of an Order of the Lieutenant-Governor in Council of the Je certifie que le document qui precede est une copie conforme d'un decret du lieutenant-gouverneur en conseil Province of New Brunswick, made on the 16 June 2020. de la province du Nouveau-Brunswick, pris le Secretary to Cabinet / Secretaire du Cabinet g' c c. brg o- c 3/Ju Jr =. ?)",https://ijf-next-frontend-git-apt-ijf.vercel.app/appointments/126e7ce2857dc4150c47768284bf56c6
Wayne Carson,Member,Post-Secondary Education Training and Labour,,nb,2020-06-16,2020-06-16,,3 years,,,False,OIC2020-125E,apt/nb/apt-nb-82f01f0fe7b47e97df8c9ad79b4bd93e-OIC2020-125E*2020-06-16*Post-Secondary_Education_Training_and_Labour-2025-01-27T18:22:47,"125 JUNE 16, 2020 2020-125 Under paragraph 23(1(i) and subsection 24(1) of the University of New Brunswick Act, the Lieutenant-Governor in Council appoints the following individuals as members of the University of New Brunswick Board of Governors, for a term of three years, effective June 16, 2020: (a) Wayne Carson, Mississauga, Ontario; (b) Kevin Hoyt, Quispamsis, New Brunswick; (c) Janet Knox, Bedford, Nova Scotia; (d) Julia Maclauchlan, McKinney, Texas, U.S.A.; and (e) Christopher MacDonald, Fredericton, New Brunswick. 0y Brenda L. Murphy Lieutenant-Governor This is to certify that the foregoing is a true copy of an Order of the Lieutenant-Governor in Council of the Je certifie que le document qui precede est une copie conforme d'un decret du lieutenant-gouverneur en conseil Province of New Brunswick, made on the 16 June 2020. de la province du Nouveau-Brunswick, pris le",https://ijf-next-frontend-git-apt-ijf.vercel.app/appointments/1f6432ff13782344258474364f0d749f
Brigitte Ouellette,member,Finance and Treasury Board,,nb,2020-06-23,2020-06-23,,3 years,,,False,OIC2020-139E,apt/nb/apt-nb-43b97c7256818fb0a203e43b57c5f5ed-OIC2020-139E*2020-06-23*Finance_and_Treasury_Board-2025-01-27T18:22:47,"139 JUNE 23, 2020 2020-139 1. Under section 19.2 and subsection 19.21(1) of the Insurance Act, the Lieutenant-Governor in Council appoints the following persons as members to the New Brunswick Insurance Board, for a term of three years: (a) Brigitte Ouellette, Grand Falls, New Brunswick, effective June 23, 2020; (b) Rachel Arseneau-Ferguson, Campbellton, New Brunswick, effective August 9, 2020; and (c) Cyril Johnston, Moncton, New Brunswick, effective August 13, 2020. 2. Under section 19.2 of the Insurance Act and section 26 of the Interpretation Act, the Lieutenant-Governor in Council revokes section 2 of Order in Council 2018-107, dated March 28, 2018. Brenda L. Murphy Lieutenant-Governor This is to certify that the foregoing is a true copy of an Order of the Lieutenant-Governor in Council of the Je certifie que le document qui precede est une copie conforme d'un decret du lieutenant-gouverneur en conseil Province of New Brunswick, made on the 23 June 2020. de la province du Nouveau-Brunswick, pris le Secretary to Cabinet / Secretaire du Cabinet jtca-f ryvon-)2)+8e-",https://ijf-next-frontend-git-apt-ijf.vercel.app/appointments/f352b693a9ff07801762274d267ec796
Cully Robinson,Board of Directors,Education and Early Childhood Development,,nb,2020-06-23,2020-06-23,,2 years,,,False,OIC2020-141E,apt/nb/apt-nb-924e1289ba43453f70e3046955e59d59-OIC2020-141E*2020-06-23*Education_and_Early_Childhood_Development-2025-01-27T18:22:47,"141 JUNE 23, 2020 2020-141 Under paragraph 3(1 )(b) of the Atlantic Provinces Special Education Authority Agreement, the Lieutenant-Governor in Council appoints Cully Robinson, Sussex, New Brunswick, as a member of the Board of Directors of the Atlantic Provinces Special Education Authority, for a term of two years, effective June 23, 2020. Brenda L. Murphy Lieutenant-Governor This is to certify that the foregoing is a true copy of an Order of the Lieutenant-Governor in Council of the Je certifie que le document qui precede est une copie conforme d'un decret du lieutenant-gouverneur en conseil Province of New Brunswick, made on the 23 June 2020. de la province du Nouveau-Brunswick, pris le Secretary to Cabineot / wSecnre-t aire du Cabinet hetca. 0y-ta;",https://ijf-next-frontend-git-apt-ijf.vercel.app/appointments/7471c5efe364185c8ba0afb0eb6f1912
Cyril Johnston,member,Finance and Treasury Board,,nb,2020-06-23,2020-08-13,,3 years,,,False,OIC2020-139E,apt/nb/apt-nb-43b97c7256818fb0a203e43b57c5f5ed-OIC2020-139E*2020-06-23*Finance_and_Treasury_Board-2025-01-27T18:22:47,"139 JUNE 23, 2020 2020-139 1. Under section 19.2 and subsection 19.21(1) of the Insurance Act, the Lieutenant-Governor in Council appoints the following persons as members to the New Brunswick Insurance Board, for a term of three years: (a) Brigitte Ouellette, Grand Falls, New Brunswick, effective June 23, 2020; (b) Rachel Arseneau-Ferguson, Campbellton, New Brunswick, effective August 9, 2020; and (c) Cyril Johnston, Moncton, New Brunswick, effective August 13, 2020. 2. Under section 19.2 of the Insurance Act and section 26 of the Interpretation Act, the Lieutenant-Governor in Council revokes section 2 of Order in Council 2018-107, dated March 28, 2018. Brenda L. Murphy Lieutenant-Governor This is to certify that the foregoing is a true copy of an Order of the Lieutenant-Governor in Council of the Je certifie que le document qui precede est une copie conforme d'un decret du lieutenant-gouverneur en conseil Province of New Brunswick, made on the 23 June 2020. de la province du Nouveau-Brunswick, pris le Secretary to Cabinet / Secretaire du Cabinet jtca-f ryvon-)2)+8e-",https://ijf-next-frontend-git-apt-ijf.vercel.app/appointments/21437e4754845928f257d8de37133ef7
Gilles Blinn,Discipline Committee,Environment and Local Government,,nb,2020-06-23,2020-06-23,,2 years,,,False,OIC2020-140E,apt/nb/apt-nb-28370573e1cd01a19229b15836f47bce-OIC2020-140E*2020-06-23*Environment_and_Local_Government-2025-01-27T18:22:47,"140 JUNE 23, 2020 2020-140 1. Under paragraph 9(1)(d) of An Act to Incorporate the New Brunswick Association of Real Estate Appraisers/Association des evaluateurs immobiliers du Nouveau-Brunswick, Chapter 108 of the Acts of New Brunswick, 1994 and New Brunswick Association of Real Estate Appraisers Bylaws section XVll(1 }, the Lieutenant-Governor in Council appoints Gregory Cook, Fredericton, New Brunswick, to the Board of Directors of the New Brunswick Association of Real Estate Appraisers, for a term of two years, effective June 23, 2020. 2. Under subsection 22(1} of An Act to Incorporate the New Brunswick Association of Real Estate Appraisers/Association des evaluateurs immobiliers du Nouveau-Brunswick, Chapter 108 of the Acts of New Brunswick, 1994, and New Brunswick Association of Real Estate Appraisers Bylaws section XVll(2}, the Lieutenant-Governor in Council appoints Gilles Blinn, Nasonworth, New Brunswick, to the Discipline Committee of the New Brunswick Association of Real Estate Appraisers, for a term of two years, effective June 23, 2020. • -pry Brenda L. Murphy Lieutenant-Governor This is to certify that the foregoing is a true copy of an Order of the Lieutenant-Governor in Council of the Je certifie que le document qui precede est une copie conforme d'un decret du lieutenant-gouverneur en conseil Province of New Brunswick, made on the 23 June 2020. de la province du Nouveau-Brunswick, pris le Secretary to Cabinet / Secretaire du Cabinet /hat. non-)06ye",https://ijf-next-frontend-git-apt-ijf.vercel.app/appointments/16427193978f17ef2ccd43ef0ba19661
Gregory Cook,Board of Directors,Environment and Local Government,,nb,2020-06-23,2020-06-23,,2 years,,,False,OIC2020-140E,apt/nb/apt-nb-28370573e1cd01a19229b15836f47bce-OIC2020-140E*2020-06-23*Environment_and_Local_Government-2025-01-27T18:22:47,"140 JUNE 23, 2020 2020-140 1. Under paragraph 9(1)(d) of An Act to Incorporate the New Brunswick Association of Real Estate Appraisers/Association des evaluateurs immobiliers du Nouveau-Brunswick, Chapter 108 of the Acts of New Brunswick, 1994 and New Brunswick Association of Real Estate Appraisers Bylaws section XVll(1 }, the Lieutenant-Governor in Council appoints Gregory Cook, Fredericton, New Brunswick, to the Board of Directors of the New Brunswick Association of Real Estate Appraisers, for a term of two years, effective June 23, 2020. 2. Under subsection 22(1} of An Act to Incorporate the New Brunswick Association of Real Estate Appraisers/Association des evaluateurs immobiliers du Nouveau-Brunswick, Chapter 108 of the Acts of New Brunswick, 1994, and New Brunswick Association of Real Estate Appraisers Bylaws section XVll(2}, the Lieutenant-Governor in Council appoints Gilles Blinn, Nasonworth, New Brunswick, to the Discipline Committee of the New Brunswick Association of Real Estate Appraisers, for a term of two years, effective June 23, 2020. • -pry Brenda L. Murphy Lieutenant-Governor This is to certify that the foregoing is a true copy of an Order of the Lieutenant-Governor in Council of the Je certifie que le document qui precede est une copie conforme d'un decret du lieutenant-gouverneur en conseil Province of New Brunswick, made on the 23 June 2020. de la province du Nouveau-Brunswick, pris le Secretary to Cabinet / Secretaire du Cabinet /hat. non-)06ye",https://ijf-next-frontend-git-apt-ijf.vercel.app/appointments/1f48b092f118d84db3c65081f2103da5
Rachel Arseneau-Ferguson,member,Finance and Treasury Board,,nb,2020-06-23,2020-08-09,,3 years,,,False,OIC2020-139E,apt/nb/apt-nb-43b97c7256818fb0a203e43b57c5f5ed-OIC2020-139E*2020-06-23*Finance_and_Treasury_Board-2025-01-27T18:22:47,"139 JUNE 23, 2020 2020-139 1. Under section 19.2 and subsection 19.21(1) of the Insurance Act, the Lieutenant-Governor in Council appoints the following persons as members to the New Brunswick Insurance Board, for a term of three years: (a) Brigitte Ouellette, Grand Falls, New Brunswick, effective June 23, 2020; (b) Rachel Arseneau-Ferguson, Campbellton, New Brunswick, effective August 9, 2020; and (c) Cyril Johnston, Moncton, New Brunswick, effective August 13, 2020. 2. Under section 19.2 of the Insurance Act and section 26 of the Interpretation Act, the Lieutenant-Governor in Council revokes section 2 of Order in Council 2018-107, dated March 28, 2018. Brenda L. Murphy Lieutenant-Governor This is to certify that the foregoing is a true copy of an Order of the Lieutenant-Governor in Council of the Je certifie que le document qui precede est une copie conforme d'un decret du lieutenant-gouverneur en conseil Province of New Brunswick, made on the 23 June 2020. de la province du Nouveau-Brunswick, pris le Secretary to Cabinet / Secretaire du Cabinet jtca-f ryvon-)2)+8e-",https://ijf-next-frontend-git-apt-ijf.vercel.app/appointments/fe24a10c53592ed59bd2a8b3f7229994
Amanda Mitchell,Clerk and Treasurer,Environment and Local Government,,nb,2020-07-08,2020-07-08,,,,,False,OIC2020-159E,apt/nb/apt-nb-c6a8ea3f3a6e32deaf6426a14b0dd744-OIC2020-159E*2020-07-08*Environment_and_Local_Government-2025-01-27T18:22:47,"159 JULY 8, 2020 2020-159 1. Under paragraph 31 (1 )(d) and subsection 32(1) of the Control of Municipalities Act, the Lieutenant-Governor in Council declares that the rural community of Campobello Island is subject to the provisions of Part V of the Control of Municipalities Act. 2. Under subsections 32(1) and 33(1) of the Control of Municipalities Act, the Lieutenant-Governor in Council appoints Richard (Dick) Isabelle, Gagetown, New Brunswick, as the Supervisor of the rural community of Campobello Island and vests in the Supervisor all of those powers conferred upon a Supervisor pursuant to Part V of the Control of Municipalities Act. 3. Under section 44 of the Control of Municipalities Act, the Lieutenant-Governor in Council gives approval for Richard (Dick) Isabelle, Supervisor of the rural community of Campobello Island, to take full charge and control over all money belonging to the rural community of Campobello Island and received by any person for or on its behalf, and to sign all cheques drawn and issued by the rural community of Campobello Island; and gives approval to Richard (Dick) Isabelle to authorize Amanda Mitchell, Clerk and Treasurer, rural community of Campobello Island, to countersign all cheques drawn and issued by the rural community of Campobello Island. Brenda L. Murphy Lieutenant-Governor This is to certify that the foregoing is a true copy of an Order of the Lieutenant-Governor in Council of the Je certifie que le document qui precede est une copie conforme d'un decret du lieutenant-gouverneur en conseil Province of New Brunswick, made on the 8 July 2020. de la province du Nouveau-Brunswick, pris le Secretary o Ctabinet / Secretaire du Cabinet lson Ply bats",https://ijf-next-frontend-git-apt-ijf.vercel.app/appointments/dccc9937ababa49423dd7b4573c12a51
Catherine Lawrence,member of the Board of Governors,Post-Secondary Education Training and Labour,,nb,2020-07-08,2020-07-08,2023-07-01,2 years and 11 months,,,False,OIC2020-160E,apt/nb/apt-nb-04973a9d711bac3e85b5666e8da36bfe-OIC2020-160E*2020-07-08*Post-Secondary_Education_Training_and_Labour-2025-01-27T18:22:47,"160 JULY 8, 2020 2020-160 1. Under paragraph 9(3)(a) and subsection 11(1) of the New Brunswick Community Colleges Act, the Lieutenant-Governor in Council appoints the following persons as members of the Board of Governors of the New Brunswick Community College, nominated by the Board of Governors of the New Brunswick Community College, effective July 8, 2020, for a term ending July 1, 2023: (a) Kathryn Edwards, Dieppe, New Brunswick; (b) Rick Hancox, Rothesay, New Brunswick; and (c) Catherine Lawrence, Mactaquac, New Brunswick. 2. Under paragraph 9(3)(b) and subsection 11 (1) of the New Brunswick Community Colleges Act, the Lieutenant-Governor in Council appoints Michael Walsh, Miramichi, New Brunswick, to the Board of Governors of the New Brunswick Community College, nominated by the Minister, effective July 8, 2020, for a term ending July 1, 2023. 3. Under paragraph 9(3)(b) of the New Brunswick Community Colleges Act, the Lieutenant-Governor in Council reappoints Elizabeth Watters-Gray, Perth-Andover, New Brunswick, as a member of the Board of Governors of the New Brunswick Community College, nominated by the Minister, effective July 8, 2020, for a term ending July 1, 2023. 160 - 2 4. Under paragraph 9(3)(a) of the New Brunswick Community Colleges Act and section 26 of the Interpretation Act, the Lieutenant- Governor in Council revokes section 1 of Order in Council 2018-204 dated June 6, 2018. '1-r9 Brenda L. Murphy Lieutenant-Governor This is to certify that the foregoing is a true copy of an Order of the Lieutenant-Governor in Council of the Je certifie que le document qui precede est une copie conforme d'un decret du lieutenant-gouverneur en conseil Province of New Brunswick, made on the 8 July 2020. de la province du Nouveau-Brunswick, pris le Secretary to Cabinet / Secretaire du Cabinet J'a. /yon- )<y",https://ijf-next-frontend-git-apt-ijf.vercel.app/appointments/c29a3cac6a4baf6a53dc6d628aeb1fe5
Christy Bishop,public representative to the Board of Directors,Health,,nb,2020-07-08,2020-07-08,,2 years,,,False,OIC2020-158E,apt/nb/apt-nb-67fb01b8f404afb00e4054e5c1f76dd8-OIC2020-158E*2020-07-08*Health-2025-01-27T18:22:47,"158 JULY 8, 2020 2020-158 Under subsection 4(3) of an Act Respecting the New Brunswick Society of Medical Laboratory Technologists, the Lieutenant-Governor in Council appoints Christy Bishop, Saint John, New Brunswick, as public representative to the Board of Directors of the New Brunswick Society of Medical Laboratory Technologists, for a term of two years, effective July 8, 2020. Brenda L. Murphy Lieutenant-Governor This is to certify that the foregoing is a true copy of an Order of the Lieutenant-Governor in Council of the Je certifie que le document qui precede est une copie conforme d'un decret du lieutenant-gouverneur en conseil Province of New Brunswick, made on the 8 July 2020. de la province du Nouveau-Brunswick, pris le",https://ijf-next-frontend-git-apt-ijf.vercel.app/appointments/ac2e80e6e4023b58d5fbccd336e46d55
Elizabeth Watters-Gray,member of the Board of Governors,Post-Secondary Education Training and Labour,,nb,2020-07-08,2020-07-08,2023-07-01,2 years and 11 months,,,True,OIC2020-160E,apt/nb/apt-nb-04973a9d711bac3e85b5666e8da36bfe-OIC2020-160E*2020-07-08*Post-Secondary_Education_Training_and_Labour-2025-01-27T18:22:47,"160 JULY 8, 2020 2020-160 1. Under paragraph 9(3)(a) and subsection 11(1) of the New Brunswick Community Colleges Act, the Lieutenant-Governor in Council appoints the following persons as members of the Board of Governors of the New Brunswick Community College, nominated by the Board of Governors of the New Brunswick Community College, effective July 8, 2020, for a term ending July 1, 2023: (a) Kathryn Edwards, Dieppe, New Brunswick; (b) Rick Hancox, Rothesay, New Brunswick; and (c) Catherine Lawrence, Mactaquac, New Brunswick. 2. Under paragraph 9(3)(b) and subsection 11 (1) of the New Brunswick Community Colleges Act, the Lieutenant-Governor in Council appoints Michael Walsh, Miramichi, New Brunswick, to the Board of Governors of the New Brunswick Community College, nominated by the Minister, effective July 8, 2020, for a term ending July 1, 2023. 3. Under paragraph 9(3)(b) of the New Brunswick Community Colleges Act, the Lieutenant-Governor in Council reappoints Elizabeth Watters-Gray, Perth-Andover, New Brunswick, as a member of the Board of Governors of the New Brunswick Community College, nominated by the Minister, effective July 8, 2020, for a term ending July 1, 2023. 160 - 2 4. Under paragraph 9(3)(a) of the New Brunswick Community Colleges Act and section 26 of the Interpretation Act, the Lieutenant- Governor in Council revokes section 1 of Order in Council 2018-204 dated June 6, 2018. '1-r9 Brenda L. Murphy Lieutenant-Governor This is to certify that the foregoing is a true copy of an Order of the Lieutenant-Governor in Council of the Je certifie que le document qui precede est une copie conforme d'un decret du lieutenant-gouverneur en conseil Province of New Brunswick, made on the 8 July 2020. de la province du Nouveau-Brunswick, pris le Secretary to Cabinet / Secretaire du Cabinet J'a. /yon- )<y",https://ijf-next-frontend-git-apt-ijf.vercel.app/appointments/0955b715ad2a7a3f8a90fa0a1658de2f
Jennie Williams,ticket reviewer,Justice and Attorney General,,nb,2020-07-08,2020-07-08,,,,,False,OIC2020-156E,apt/nb/apt-nb-7769c6c0adc3897c67140265d61ec5a8-OIC2020-156E*2020-07-08*Justice_and_Attorney_General-2025-01-27T18:22:47,"156 JULY 8, 2020 2020-156 1. Under subsection 16.1 (1) of the Provincial Offences Procedure Act, the Lieutenant-Governor in Council appoints Jennie Williams, Fredericton, New Brunswick, as a ticket reviewer, effective July 8, 2020. 2. Under subsection 16.1(1) of the Provincial Offences Procedure Act and section 26 of the Interpretation Act, the Lieutenant-Governor in Council revokes paragraph 1 (vi) of Order in Council 2020-7 dated January 16, 2020. .p, Brenda L. Murphy Lieutenant-Governor This is to certify that the foregoing is a true copy of an Order of the Lieutenant-Governor in Council of the Je certifie que le document qui precede est une copie conforme d'un decret du lieutenant-gouverneur en conseil Province of New Brunswick, made on the 8 July 2020. de la province du Nouveau-Brunswick, pris le own Secretary to Cabinet / Secretaire du Cabinet hit, )yo",https://ijf-next-frontend-git-apt-ijf.vercel.app/appointments/9db855e98b9ff19a3eb0b9858f51c1d4
Kathryn Edwards,member of the Board of Governors,Post-Secondary Education Training and Labour,,nb,2020-07-08,2020-07-08,2023-07-01,2 years and 11 months,,,False,OIC2020-160E,apt/nb/apt-nb-04973a9d711bac3e85b5666e8da36bfe-OIC2020-160E*2020-07-08*Post-Secondary_Education_Training_and_Labour-2025-01-27T18:22:47,"160 JULY 8, 2020 2020-160 1. Under paragraph 9(3)(a) and subsection 11(1) of the New Brunswick Community Colleges Act, the Lieutenant-Governor in Council appoints the following persons as members of the Board of Governors of the New Brunswick Community College, nominated by the Board of Governors of the New Brunswick Community College, effective July 8, 2020, for a term ending July 1, 2023: (a) Kathryn Edwards, Dieppe, New Brunswick; (b) Rick Hancox, Rothesay, New Brunswick; and (c) Catherine Lawrence, Mactaquac, New Brunswick. 2. Under paragraph 9(3)(b) and subsection 11 (1) of the New Brunswick Community Colleges Act, the Lieutenant-Governor in Council appoints Michael Walsh, Miramichi, New Brunswick, to the Board of Governors of the New Brunswick Community College, nominated by the Minister, effective July 8, 2020, for a term ending July 1, 2023. 3. Under paragraph 9(3)(b) of the New Brunswick Community Colleges Act, the Lieutenant-Governor in Council reappoints Elizabeth Watters-Gray, Perth-Andover, New Brunswick, as a member of the Board of Governors of the New Brunswick Community College, nominated by the Minister, effective July 8, 2020, for a term ending July 1, 2023. 160 - 2 4. Under paragraph 9(3)(a) of the New Brunswick Community Colleges Act and section 26 of the Interpretation Act, the Lieutenant- Governor in Council revokes section 1 of Order in Council 2018-204 dated June 6, 2018. '1-r9 Brenda L. Murphy Lieutenant-Governor This is to certify that the foregoing is a true copy of an Order of the Lieutenant-Governor in Council of the Je certifie que le document qui precede est une copie conforme d'un decret du lieutenant-gouverneur en conseil Province of New Brunswick, made on the 8 July 2020. de la province du Nouveau-Brunswick, pris le Secretary to Cabinet / Secretaire du Cabinet J'a. /yon- )<y",https://ijf-next-frontend-git-apt-ijf.vercel.app/appointments/a9e719d8a7cf9ec7129d9b0c8d4e466f
Marc Roy,member,Public Safety,,nb,2020-07-08,2020-07-08,,3 years,,,False,OIC2020-155E,apt/nb/apt-nb-167d7ac6fc450b7f2bd8f96a23d905ec-OIC2020-155E*2020-07-08*Public_Safety-2025-01-27T18:22:47,"155 JULY 8, 2020 2020-155 1. Under subsections 18(1) and 18(2) of the Police Act, the Lieutenant-Governor in Council appoints Marc Roy, Paquetville, New Brunswick as a member of the New Brunswick Police Commission, designated as a part-time member, for a term of three years, effective July 8, 2020. 2. Under subsections 18(1) and 18(2) of the Police Act, the Lieutenant-Governor in Council reappoints Robert Eckstein, New Maryland, New Brunswick, as a member of the New Brunswick Police Commission, designated as a part-time member, for a term of three years, effective July 8, 2020. ""0/, Brenda L. Murphy Lieutenant-Governor This is to certify that the foregoing is a true copy of an Order of the Lieutenant-Governor in Council of the Je certifie que le document qui precede est une copie conforme d'un decret du lieutenant-gouverneur en conseil Province of New Brunswick, made on the 8 July 2020. de la province du Nouveau-Brunswick, pris le",https://ijf-next-frontend-git-apt-ijf.vercel.app/appointments/a58ea089df1025ea8a545c73abe7506b
Michael Walsh,Board of Governors,Post-Secondary Education Training and Labour,,nb,2020-07-08,2020-07-08,2023-07-01,2 years and 11 months,,,False,OIC2020-160E,apt/nb/apt-nb-04973a9d711bac3e85b5666e8da36bfe-OIC2020-160E*2020-07-08*Post-Secondary_Education_Training_and_Labour-2025-01-27T18:22:47,"160 JULY 8, 2020 2020-160 1. Under paragraph 9(3)(a) and subsection 11(1) of the New Brunswick Community Colleges Act, the Lieutenant-Governor in Council appoints the following persons as members of the Board of Governors of the New Brunswick Community College, nominated by the Board of Governors of the New Brunswick Community College, effective July 8, 2020, for a term ending July 1, 2023: (a) Kathryn Edwards, Dieppe, New Brunswick; (b) Rick Hancox, Rothesay, New Brunswick; and (c) Catherine Lawrence, Mactaquac, New Brunswick. 2. Under paragraph 9(3)(b) and subsection 11 (1) of the New Brunswick Community Colleges Act, the Lieutenant-Governor in Council appoints Michael Walsh, Miramichi, New Brunswick, to the Board of Governors of the New Brunswick Community College, nominated by the Minister, effective July 8, 2020, for a term ending July 1, 2023. 3. Under paragraph 9(3)(b) of the New Brunswick Community Colleges Act, the Lieutenant-Governor in Council reappoints Elizabeth Watters-Gray, Perth-Andover, New Brunswick, as a member of the Board of Governors of the New Brunswick Community College, nominated by the Minister, effective July 8, 2020, for a term ending July 1, 2023. 160 - 2 4. Under paragraph 9(3)(a) of the New Brunswick Community Colleges Act and section 26 of the Interpretation Act, the Lieutenant- Governor in Council revokes section 1 of Order in Council 2018-204 dated June 6, 2018. '1-r9 Brenda L. Murphy Lieutenant-Governor This is to certify that the foregoing is a true copy of an Order of the Lieutenant-Governor in Council of the Je certifie que le document qui precede est une copie conforme d'un decret du lieutenant-gouverneur en conseil Province of New Brunswick, made on the 8 July 2020. de la province du Nouveau-Brunswick, pris le Secretary to Cabinet / Secretaire du Cabinet J'a. /yon- )<y",https://ijf-next-frontend-git-apt-ijf.vercel.app/appointments/133bd6121119591e33c0802c3cfaae9a
Ray Doiron,member,"Tourism, Heritage and Culture",,nb,2020-07-08,2020-10-31,,2 years,,,True,OIC2020-157E,"apt/nb/apt-nb-342abeed0e29b5a1a483adbe648e7b55-OIC2020-157E*2020-07-08*Tourism,_Heritage_and_Culture-2025-01-27T18:22:47","157 JULY 8, 2020 2020-157 1. Under subsections 8(1), 8(3) and 9(1) of the Combat Sport Act, the Lieutenant-Governor in Council reappoints Tony Whalen, Fredericton, New Brunswick, as a member and Chair of the New Brunswick Combat Sport Commission, for a term of three years, effective October 31, 2020. 2. Under subsections 8(1) and 9(1) of the Combat Sport Act, the Lieutenant-Governor in Council reappoints Ray Doiron, Cap-Pele, New Brunswick, as a member of the New Brunswick Combat Sport Commission, for a term of two years, effective October 31, 2020. '..p r, Brenda L. Murphy Lieutenant-Governor This is to certify that the foregoing is a true copy of an Order of the Lieutenant-Governor in Council of the Je certifie que le document qui precede est une copie conforme d'un decret du lieutenant-gouverneur en conseil Province of New Brunswick, made on the 8 July 2020. de la province du Nouveau-Brunswick, pris le Secretary to Cabionet / Secre-t aire du Cabinet )Try [?at",https://ijf-next-frontend-git-apt-ijf.vercel.app/appointments/f5ea142b1ec67b1bda8056778a11aab1
Richard (Dick) Isabelle,Supervisor,Environment and Local Government,,nb,2020-07-08,2020-07-08,,,,,False,OIC2020-159E,apt/nb/apt-nb-c6a8ea3f3a6e32deaf6426a14b0dd744-OIC2020-159E*2020-07-08*Environment_and_Local_Government-2025-01-27T18:22:47,"159 JULY 8, 2020 2020-159 1. Under paragraph 31 (1 )(d) and subsection 32(1) of the Control of Municipalities Act, the Lieutenant-Governor in Council declares that the rural community of Campobello Island is subject to the provisions of Part V of the Control of Municipalities Act. 2. Under subsections 32(1) and 33(1) of the Control of Municipalities Act, the Lieutenant-Governor in Council appoints Richard (Dick) Isabelle, Gagetown, New Brunswick, as the Supervisor of the rural community of Campobello Island and vests in the Supervisor all of those powers conferred upon a Supervisor pursuant to Part V of the Control of Municipalities Act. 3. Under section 44 of the Control of Municipalities Act, the Lieutenant-Governor in Council gives approval for Richard (Dick) Isabelle, Supervisor of the rural community of Campobello Island, to take full charge and control over all money belonging to the rural community of Campobello Island and received by any person for or on its behalf, and to sign all cheques drawn and issued by the rural community of Campobello Island; and gives approval to Richard (Dick) Isabelle to authorize Amanda Mitchell, Clerk and Treasurer, rural community of Campobello Island, to countersign all cheques drawn and issued by the rural community of Campobello Island. Brenda L. Murphy Lieutenant-Governor This is to certify that the foregoing is a true copy of an Order of the Lieutenant-Governor in Council of the Je certifie que le document qui precede est une copie conforme d'un decret du lieutenant-gouverneur en conseil Province of New Brunswick, made on the 8 July 2020. de la province du Nouveau-Brunswick, pris le Secretary o Ctabinet / Secretaire du Cabinet lson Ply bats",https://ijf-next-frontend-git-apt-ijf.vercel.app/appointments/11986dbc396266de5264f3579322026b
Rick Hancox,member of the Board of Governors,Post-Secondary Education Training and Labour,,nb,2020-07-08,2020-07-08,2023-07-01,2 years and 11 months,,,False,OIC2020-160E,apt/nb/apt-nb-04973a9d711bac3e85b5666e8da36bfe-OIC2020-160E*2020-07-08*Post-Secondary_Education_Training_and_Labour-2025-01-27T18:22:47,"160 JULY 8, 2020 2020-160 1. Under paragraph 9(3)(a) and subsection 11(1) of the New Brunswick Community Colleges Act, the Lieutenant-Governor in Council appoints the following persons as members of the Board of Governors of the New Brunswick Community College, nominated by the Board of Governors of the New Brunswick Community College, effective July 8, 2020, for a term ending July 1, 2023: (a) Kathryn Edwards, Dieppe, New Brunswick; (b) Rick Hancox, Rothesay, New Brunswick; and (c) Catherine Lawrence, Mactaquac, New Brunswick. 2. Under paragraph 9(3)(b) and subsection 11 (1) of the New Brunswick Community Colleges Act, the Lieutenant-Governor in Council appoints Michael Walsh, Miramichi, New Brunswick, to the Board of Governors of the New Brunswick Community College, nominated by the Minister, effective July 8, 2020, for a term ending July 1, 2023. 3. Under paragraph 9(3)(b) of the New Brunswick Community Colleges Act, the Lieutenant-Governor in Council reappoints Elizabeth Watters-Gray, Perth-Andover, New Brunswick, as a member of the Board of Governors of the New Brunswick Community College, nominated by the Minister, effective July 8, 2020, for a term ending July 1, 2023. 160 - 2 4. Under paragraph 9(3)(a) of the New Brunswick Community Colleges Act and section 26 of the Interpretation Act, the Lieutenant- Governor in Council revokes section 1 of Order in Council 2018-204 dated June 6, 2018. '1-r9 Brenda L. Murphy Lieutenant-Governor This is to certify that the foregoing is a true copy of an Order of the Lieutenant-Governor in Council of the Je certifie que le document qui precede est une copie conforme d'un decret du lieutenant-gouverneur en conseil Province of New Brunswick, made on the 8 July 2020. de la province du Nouveau-Brunswick, pris le Secretary to Cabinet / Secretaire du Cabinet J'a. /yon- )<y",https://ijf-next-frontend-git-apt-ijf.vercel.app/appointments/b2f742e0580d6dd192ac1f5b71b38f23
Robert Eckstein,member,Public Safety,,nb,2020-07-08,2020-07-08,,3 years,,,True,OIC2020-155E,apt/nb/apt-nb-167d7ac6fc450b7f2bd8f96a23d905ec-OIC2020-155E*2020-07-08*Public_Safety-2025-01-27T18:22:47,"155 JULY 8, 2020 2020-155 1. Under subsections 18(1) and 18(2) of the Police Act, the Lieutenant-Governor in Council appoints Marc Roy, Paquetville, New Brunswick as a member of the New Brunswick Police Commission, designated as a part-time member, for a term of three years, effective July 8, 2020. 2. Under subsections 18(1) and 18(2) of the Police Act, the Lieutenant-Governor in Council reappoints Robert Eckstein, New Maryland, New Brunswick, as a member of the New Brunswick Police Commission, designated as a part-time member, for a term of three years, effective July 8, 2020. ""0/, Brenda L. Murphy Lieutenant-Governor This is to certify that the foregoing is a true copy of an Order of the Lieutenant-Governor in Council of the Je certifie que le document qui precede est une copie conforme d'un decret du lieutenant-gouverneur en conseil Province of New Brunswick, made on the 8 July 2020. de la province du Nouveau-Brunswick, pris le",https://ijf-next-frontend-git-apt-ijf.vercel.app/appointments/0a28f424f5e4b350bcc9edd6de15995e
Tony Whalen,member and Chair,"Tourism, Heritage and Culture",,nb,2020-07-08,2020-10-31,,3 years,,,True,OIC2020-157E,"apt/nb/apt-nb-342abeed0e29b5a1a483adbe648e7b55-OIC2020-157E*2020-07-08*Tourism,_Heritage_and_Culture-2025-01-27T18:22:47","157 JULY 8, 2020 2020-157 1. Under subsections 8(1), 8(3) and 9(1) of the Combat Sport Act, the Lieutenant-Governor in Council reappoints Tony Whalen, Fredericton, New Brunswick, as a member and Chair of the New Brunswick Combat Sport Commission, for a term of three years, effective October 31, 2020. 2. Under subsections 8(1) and 9(1) of the Combat Sport Act, the Lieutenant-Governor in Council reappoints Ray Doiron, Cap-Pele, New Brunswick, as a member of the New Brunswick Combat Sport Commission, for a term of two years, effective October 31, 2020. '..p r, Brenda L. Murphy Lieutenant-Governor This is to certify that the foregoing is a true copy of an Order of the Lieutenant-Governor in Council of the Je certifie que le document qui precede est une copie conforme d'un decret du lieutenant-gouverneur en conseil Province of New Brunswick, made on the 8 July 2020. de la province du Nouveau-Brunswick, pris le Secretary to Cabionet / Secre-t aire du Cabinet )Try [?at",https://ijf-next-frontend-git-apt-ijf.vercel.app/appointments/06934e41babfbf96849316dc96c3b474
Bernard L. LeBlanc,Vice-Chairperson,Post-Secondary Education Training and Labour,,nb,2020-08-05,2020-08-05,,3 years,,,False,OIC2020-170E,apt/nb/apt-nb-7f743195c3672385617c69c0bf1e9a73-OIC2020-170E*2020-08-05*Post-Secondary_Education_Training_and_Labour-2025-01-27T18:22:47,"170 AUGUST 5, 2020 2020-170 1. Under subsections 20.1(1) and 20.1(3) of the Workplace Health, Safety and Compensation Commission and Workers' Compensation Appeals Tribunal Act, the Lieutenant-Governor in Council reappoints Trisha Perry, Rothesay, New Brunswick, as a Vice-Chairperson on the Workers' Compensation Appeals Tribunal for a term of three years, effective August 5, 2020. 2. Under subsections 20.1(1) and 20.1(3) of the Workplace Health, Safety and Compensation Commission and Workers' Compensation Appeals Tribunal Act, the Lieutenant-Governor in Council appoints the following persons as Vice-Chairpersons on the Workers' Compensation Appeals Tribunal for a term of three years, effective August 5, 2020: (a) Mario J. Lanteigne, Bathurst, New Brunswick; (b) Erika R. Hachey, Richibucto Road, New Brunswick; and (c) Bernard L. LeBlanc, Moncton, New Brunswick. ..# Lieutenant-Governor This is to certify that the foregoing is a true copy of an Order of the Lieutenant-Governor in Council of the Je certifie que le document qui precede est une copie conforme d'un decret du lieutenant-gouverneur en conseil p\4L,,2 sAsoousvaoa,© [ Province of New Brunswick, made on the de la province du Nouveau-Brunswick, pris le Clerk of the Executive ~ du Conseil executif",https://ijf-next-frontend-git-apt-ijf.vercel.app/appointments/dec067074969fe4754660da8355611fc
Erika R. Hachey,Vice-Chairperson,Post-Secondary Education Training and Labour,,nb,2020-08-05,2020-08-05,,3 years,,,False,OIC2020-170E,apt/nb/apt-nb-7f743195c3672385617c69c0bf1e9a73-OIC2020-170E*2020-08-05*Post-Secondary_Education_Training_and_Labour-2025-01-27T18:22:47,"170 AUGUST 5, 2020 2020-170 1. Under subsections 20.1(1) and 20.1(3) of the Workplace Health, Safety and Compensation Commission and Workers' Compensation Appeals Tribunal Act, the Lieutenant-Governor in Council reappoints Trisha Perry, Rothesay, New Brunswick, as a Vice-Chairperson on the Workers' Compensation Appeals Tribunal for a term of three years, effective August 5, 2020. 2. Under subsections 20.1(1) and 20.1(3) of the Workplace Health, Safety and Compensation Commission and Workers' Compensation Appeals Tribunal Act, the Lieutenant-Governor in Council appoints the following persons as Vice-Chairpersons on the Workers' Compensation Appeals Tribunal for a term of three years, effective August 5, 2020: (a) Mario J. Lanteigne, Bathurst, New Brunswick; (b) Erika R. Hachey, Richibucto Road, New Brunswick; and (c) Bernard L. LeBlanc, Moncton, New Brunswick. ..# Lieutenant-Governor This is to certify that the foregoing is a true copy of an Order of the Lieutenant-Governor in Council of the Je certifie que le document qui precede est une copie conforme d'un decret du lieutenant-gouverneur en conseil p\4L,,2 sAsoousvaoa,© [ Province of New Brunswick, made on the de la province du Nouveau-Brunswick, pris le Clerk of the Executive ~ du Conseil executif",https://ijf-next-frontend-git-apt-ijf.vercel.app/appointments/11cdf0dd54e002e8d73fec2d85434322
Gary Barbour,returning officer,Executive Council Office,,nb,2020-08-05,2020-08-05,,,,,False,OIC2020-172E,apt/nb/apt-nb-9baf0ef3dc0aab5615665dadee45fd37-OIC2020-172E*2020-08-05*Executive_Council_Office-2025-01-27T18:22:47,"172 AUGUST 5, 2020 2020-172 1. Under subsection 9(1) of the Elections Act, the Lieutenant- Governor in Council appoints the following persons as returning officers, effective August 5, 2020: (a) Gary Barbour, for electoral district 25, Gagetown Petitcodiac; (b) William Hawco, for electoral district 31, Portland Simonds; and (c) Harvey Aucoin, for electoral district 21, Moncton Northwest. 2. Under subsection 9(1) of the Elections Act and section 26 of the Interpretation Act, the Lieutenant-Governor in Council revokes paragraphs 1.(y), (u) and (ee) of Order in Council 2019-180 dated October 3, 2019. '. pr2y Brenda L. Murphy Lieutenant-Governor This is to certify that the foregoing is a true copy of an Order of the Lieutenant-Governor in Co Je certifie que le document qui precede est une copie conforme d'un decret du lieutenant-gouver 5 August 2020. Province of New Brunswick, made on the de la province du Nouveau-Brunswick, pris le",https://ijf-next-frontend-git-apt-ijf.vercel.app/appointments/8d3c226fdbbc21500c09cd8327dc41f1
Harvey Aucoin,returning officer,Executive Council Office,,nb,2020-08-05,2020-08-05,,,,,False,OIC2020-172E,apt/nb/apt-nb-9baf0ef3dc0aab5615665dadee45fd37-OIC2020-172E*2020-08-05*Executive_Council_Office-2025-01-27T18:22:47,"172 AUGUST 5, 2020 2020-172 1. Under subsection 9(1) of the Elections Act, the Lieutenant- Governor in Council appoints the following persons as returning officers, effective August 5, 2020: (a) Gary Barbour, for electoral district 25, Gagetown Petitcodiac; (b) William Hawco, for electoral district 31, Portland Simonds; and (c) Harvey Aucoin, for electoral district 21, Moncton Northwest. 2. Under subsection 9(1) of the Elections Act and section 26 of the Interpretation Act, the Lieutenant-Governor in Council revokes paragraphs 1.(y), (u) and (ee) of Order in Council 2019-180 dated October 3, 2019. '. pr2y Brenda L. Murphy Lieutenant-Governor This is to certify that the foregoing is a true copy of an Order of the Lieutenant-Governor in Co Je certifie que le document qui precede est une copie conforme d'un decret du lieutenant-gouver 5 August 2020. Province of New Brunswick, made on the de la province du Nouveau-Brunswick, pris le",https://ijf-next-frontend-git-apt-ijf.vercel.app/appointments/13deb1ce8318b77125a664df1fe6a19a
Mario J. Lanteigne,Vice-Chairperson,Post-Secondary Education Training and Labour,,nb,2020-08-05,2020-08-05,,3 years,,,False,OIC2020-170E,apt/nb/apt-nb-7f743195c3672385617c69c0bf1e9a73-OIC2020-170E*2020-08-05*Post-Secondary_Education_Training_and_Labour-2025-01-27T18:22:47,"170 AUGUST 5, 2020 2020-170 1. Under subsections 20.1(1) and 20.1(3) of the Workplace Health, Safety and Compensation Commission and Workers' Compensation Appeals Tribunal Act, the Lieutenant-Governor in Council reappoints Trisha Perry, Rothesay, New Brunswick, as a Vice-Chairperson on the Workers' Compensation Appeals Tribunal for a term of three years, effective August 5, 2020. 2. Under subsections 20.1(1) and 20.1(3) of the Workplace Health, Safety and Compensation Commission and Workers' Compensation Appeals Tribunal Act, the Lieutenant-Governor in Council appoints the following persons as Vice-Chairpersons on the Workers' Compensation Appeals Tribunal for a term of three years, effective August 5, 2020: (a) Mario J. Lanteigne, Bathurst, New Brunswick; (b) Erika R. Hachey, Richibucto Road, New Brunswick; and (c) Bernard L. LeBlanc, Moncton, New Brunswick. ..# Lieutenant-Governor This is to certify that the foregoing is a true copy of an Order of the Lieutenant-Governor in Council of the Je certifie que le document qui precede est une copie conforme d'un decret du lieutenant-gouverneur en conseil p\4L,,2 sAsoousvaoa,© [ Province of New Brunswick, made on the de la province du Nouveau-Brunswick, pris le Clerk of the Executive ~ du Conseil executif",https://ijf-next-frontend-git-apt-ijf.vercel.app/appointments/7bf1cdb8e8b3e645e11a491a3dca69ee
Trisha Perry,Vice-Chairperson,Post-Secondary Education Training and Labour,,nb,2020-08-05,2020-08-05,,3 years,,,True,OIC2020-170E,apt/nb/apt-nb-7f743195c3672385617c69c0bf1e9a73-OIC2020-170E*2020-08-05*Post-Secondary_Education_Training_and_Labour-2025-01-27T18:22:47,"170 AUGUST 5, 2020 2020-170 1. Under subsections 20.1(1) and 20.1(3) of the Workplace Health, Safety and Compensation Commission and Workers' Compensation Appeals Tribunal Act, the Lieutenant-Governor in Council reappoints Trisha Perry, Rothesay, New Brunswick, as a Vice-Chairperson on the Workers' Compensation Appeals Tribunal for a term of three years, effective August 5, 2020. 2. Under subsections 20.1(1) and 20.1(3) of the Workplace Health, Safety and Compensation Commission and Workers' Compensation Appeals Tribunal Act, the Lieutenant-Governor in Council appoints the following persons as Vice-Chairpersons on the Workers' Compensation Appeals Tribunal for a term of three years, effective August 5, 2020: (a) Mario J. Lanteigne, Bathurst, New Brunswick; (b) Erika R. Hachey, Richibucto Road, New Brunswick; and (c) Bernard L. LeBlanc, Moncton, New Brunswick. ..# Lieutenant-Governor This is to certify that the foregoing is a true copy of an Order of the Lieutenant-Governor in Council of the Je certifie que le document qui precede est une copie conforme d'un decret du lieutenant-gouverneur en conseil p\4L,,2 sAsoousvaoa,© [ Province of New Brunswick, made on the de la province du Nouveau-Brunswick, pris le Clerk of the Executive ~ du Conseil executif",https://ijf-next-frontend-git-apt-ijf.vercel.app/appointments/adf34ef047bab72565c10a3dcf0a3528
William Hawco,returning officer,Executive Council Office,,nb,2020-08-05,2020-08-05,,,,,False,OIC2020-172E,apt/nb/apt-nb-9baf0ef3dc0aab5615665dadee45fd37-OIC2020-172E*2020-08-05*Executive_Council_Office-2025-01-27T18:22:47,"172 AUGUST 5, 2020 2020-172 1. Under subsection 9(1) of the Elections Act, the Lieutenant- Governor in Council appoints the following persons as returning officers, effective August 5, 2020: (a) Gary Barbour, for electoral district 25, Gagetown Petitcodiac; (b) William Hawco, for electoral district 31, Portland Simonds; and (c) Harvey Aucoin, for electoral district 21, Moncton Northwest. 2. Under subsection 9(1) of the Elections Act and section 26 of the Interpretation Act, the Lieutenant-Governor in Council revokes paragraphs 1.(y), (u) and (ee) of Order in Council 2019-180 dated October 3, 2019. '. pr2y Brenda L. Murphy Lieutenant-Governor This is to certify that the foregoing is a true copy of an Order of the Lieutenant-Governor in Co Je certifie que le document qui precede est une copie conforme d'un decret du lieutenant-gouver 5 August 2020. Province of New Brunswick, made on the de la province du Nouveau-Brunswick, pris le",https://ijf-next-frontend-git-apt-ijf.vercel.app/appointments/67efdc28043d6d178fdd8864bc33383f
Andrea Wilbur,Residential Tenancies Officer,Service New Brunswick,,nb,2020-08-12,2020-08-12,,,,,False,OIC2020-182E,apt/nb/apt-nb-eb24cee3736d2b9b5efc5ca7605b3c73-OIC2020-182E*2020-08-12*Service_New_Brunswick-2025-01-27T18:22:47,"182 AUGUST 12, 2020 2020-182 Under subsection 26(1) of The Residential Tenancies Act, the Lieutenant-Governor in Council appoints the following persons as Residential Tenancies Officers, effective August 12, 2020: (a) Manon Bertin Couillard, Fredericton, New Brunswick; and (b) Andrea Wilbur, Saint John, New Brunswick. /o. .4 l--r% Brenda L. Murphy Lieutenant-Governor This is to certify that the foregoing is a true copy of an Order of the Lieutenant-Governor in Council of the Je certifie que le document qui precede est une copie conforme d'un decret du lieutenant-gouverneur en conseil Province of New Brunswick, made on the 12 Aug de la province du Nouveau-Brunswick, pris le",https://ijf-next-frontend-git-apt-ijf.vercel.app/appointments/d0170a37dabe56fe99040e2c5c6ae7f8
Angela Breau Caissie,Alternate Member,Environment and Local Government,,nb,2020-08-12,2020-08-12,,3 years,,,True,OIC2020-183E,apt/nb/apt-nb-a3c1053fe1b4a79e8adbc701d53958f8-OIC2020-183E*2020-08-12*Environment_and_Local_Government-2025-01-27T18:22:47,"183 AUGUST 12, 2020 2020-183 1. Under paragraph 2(1)(b) and subsection 3(3) of the Assessment and Planning Appeal Board Act, the Lieutenant-Governor in Council reappoints the following persons as members of the Assessment and Planning Appeal Board, for a term of three years: (a) Giselle Price, Fredericton, New Brunswick, from Region 9, effective November 14, 2020; and (b) Michael Blanchard, Bath, New Brunswick, from Region 11, effective August 12, 2020. 2. Under subsections 3(3) and 9(1) of the Assessment and Planning Appeal Board Act, the Lieutenant-Governor in Council reappoints the following persons as alternate members of the Assessment and Planning Appeal Board, for a term of three years, effective August 12, 2020: (a) Angela Breau Caissie, Cocagne, New Brunswick, from Region 2;and (b) Yvon Albert, St. Stephen, New Brunswick, from Region 8. 3. Under paragraph 2(1)(b) and subsection 3(3) of the Assessment and Planning Appeal Board Act, the Lieutenant-Governor in Council appoints Steven Frits, Lower Millstream, New Brunswick, as a member of the Assessment and Planning Appeal Board from Region 7, for a term of three years, effective August 12, 2020. - 2 184 4. Under subsections 3(3) and 9(1) of the Assessment and Planning Appeal Board Act, the Lieutenant-Governor in Council appoints Christine Couturier, Dieppe, New Brunswick as an alternate member of the Assessment and Planning Appeal Board from Region 1, for a term of three years, effective August 12, 2020. 5. Under subsection 9(1) of the Assessment and Planning Appeal Board Act and section 26 of the Interpretation Act, the Lieutenant-Governor in Council revokes section 10 of Order in Council 2019-108 dated June 6, 2019. %%pr{ Brenda L. Murphy Lieutenant-Governor This is to certify that the foregoing is a true copy of an Order of the Lieutenant-Governor in Council of the Je certifie que le document qui precede est une copie conforme d'un decret du lieutenant-gouverneur en conseil Province of New Brunswick, made on the de la province du Nouveau-Brunswick, pris le",https://ijf-next-frontend-git-apt-ijf.vercel.app/appointments/f3472f329588925fa96d4d0d82401bd9
Christine Couturier,Alternate Member,Environment and Local Government,,nb,2020-08-12,2020-08-12,,3 years,,,False,OIC2020-183E,apt/nb/apt-nb-a3c1053fe1b4a79e8adbc701d53958f8-OIC2020-183E*2020-08-12*Environment_and_Local_Government-2025-01-27T18:22:47,"183 AUGUST 12, 2020 2020-183 1. Under paragraph 2(1)(b) and subsection 3(3) of the Assessment and Planning Appeal Board Act, the Lieutenant-Governor in Council reappoints the following persons as members of the Assessment and Planning Appeal Board, for a term of three years: (a) Giselle Price, Fredericton, New Brunswick, from Region 9, effective November 14, 2020; and (b) Michael Blanchard, Bath, New Brunswick, from Region 11, effective August 12, 2020. 2. Under subsections 3(3) and 9(1) of the Assessment and Planning Appeal Board Act, the Lieutenant-Governor in Council reappoints the following persons as alternate members of the Assessment and Planning Appeal Board, for a term of three years, effective August 12, 2020: (a) Angela Breau Caissie, Cocagne, New Brunswick, from Region 2;and (b) Yvon Albert, St. Stephen, New Brunswick, from Region 8. 3. Under paragraph 2(1)(b) and subsection 3(3) of the Assessment and Planning Appeal Board Act, the Lieutenant-Governor in Council appoints Steven Frits, Lower Millstream, New Brunswick, as a member of the Assessment and Planning Appeal Board from Region 7, for a term of three years, effective August 12, 2020. - 2 184 4. Under subsections 3(3) and 9(1) of the Assessment and Planning Appeal Board Act, the Lieutenant-Governor in Council appoints Christine Couturier, Dieppe, New Brunswick as an alternate member of the Assessment and Planning Appeal Board from Region 1, for a term of three years, effective August 12, 2020. 5. Under subsection 9(1) of the Assessment and Planning Appeal Board Act and section 26 of the Interpretation Act, the Lieutenant-Governor in Council revokes section 10 of Order in Council 2019-108 dated June 6, 2019. %%pr{ Brenda L. Murphy Lieutenant-Governor This is to certify that the foregoing is a true copy of an Order of the Lieutenant-Governor in Council of the Je certifie que le document qui precede est une copie conforme d'un decret du lieutenant-gouverneur en conseil Province of New Brunswick, made on the de la province du Nouveau-Brunswick, pris le",https://ijf-next-frontend-git-apt-ijf.vercel.app/appointments/b1f53be91bbc0638cad3781cf0cffb7d
Christine Sonier,coroner,Public Safety,,nb,2020-08-12,2020-08-12,,3 years,,,False,OIC2020-181E,apt/nb/apt-nb-0fa2769b4a28e4418281fd91071f523b-OIC2020-181E*2020-08-12*Public_Safety-2025-01-27T18:22:47,"181 AUGUST 12, 2020 2020-181 Under subsections 2(2) of the Coroners Act, the Lieutenant Governor in Council appoints the following persons as coroners, for a term of three years, effective August 12, 2020: (a) Serge Landry, Grande Anse, New Brunswick; (b) Christine Sonier, Tracadie-Sheila, New Brunswick; and (c) Marilyne Paradis, Middle River, New Brunswick. fr, Brenda L. Murphy Lieutenant-Governor This is to certify that the foregoing is a true copy of an Order of the Lieutenant-Governor in Council of the Je certifie que le document qui precede est une copie conforme d'un decret du lieutenant-gouverneur en conseil Province of New Brunswick, made on the de la province du Nouveau-Brunswick, pris le",https://ijf-next-frontend-git-apt-ijf.vercel.app/appointments/8f2346f4a38b6eb6df380913fdc43c6e
Denis Mallet,member,Post-Secondary Education Training and Labour,,nb,2020-08-12,2020-08-12,,3 years,,,False,OIC2020-178E,apt/nb/apt-nb-ce14ceb154ed2db55e886c90e3764242-OIC2020-178E*2020-08-12*Post-Secondary_Education_Training_and_Labour-2025-01-27T18:22:47,"178 AUGUST 12, 2020 2020-178 1. Under paragraph 6(2)(f) of the Universite de Moncton Act, the Lieutenant-Governor in Council appoints Denis Mallet, Shippagan, New Brunswick, to the Board of Governors of the Universite de Moncton, as a member representing the North East region of the province, for a term of three years, effective August 12, 2020. 2. Under paragraph 6(2)(f) of the Universite de Moncton Act, the Lieutenant-Governor in Council appoints Mireille Vautour, Edmundston, New Brunswick, to the Board of Governors of the Universite de Moncton, as a member representing the North West region of the province, for a term of three years, effective August 12, 2020. 3. Under paragraph 6(2)(g) of the Universite de Moncton Act, the Lieutenant-Governor in Council appoints Etiennette Bosse, Saint John, New Brunswick, as a member of the Board of Governors of the Universite de Moncton, for a term of three years, effective August 12, 2020. B?:~:r~ Lieutenant-Governor This is to certify that the foregoing is a true copy of an Order of the Lieutenant-Governor in Council of the Je certifie que le document qui precede est une copie conforme d'un decret du lieutenant-gouverneur en conseil Province of New Brunswick, made on the de la province du Nouveau-Brunswick, pris le",https://ijf-next-frontend-git-apt-ijf.vercel.app/appointments/c654922efe276ef7c4a512a166b6f873
Etiennette Bosse,member,Post-Secondary Education Training and Labour,,nb,2020-08-12,2020-08-12,,3 years,,,False,OIC2020-178E,apt/nb/apt-nb-ce14ceb154ed2db55e886c90e3764242-OIC2020-178E*2020-08-12*Post-Secondary_Education_Training_and_Labour-2025-01-27T18:22:47,"178 AUGUST 12, 2020 2020-178 1. Under paragraph 6(2)(f) of the Universite de Moncton Act, the Lieutenant-Governor in Council appoints Denis Mallet, Shippagan, New Brunswick, to the Board of Governors of the Universite de Moncton, as a member representing the North East region of the province, for a term of three years, effective August 12, 2020. 2. Under paragraph 6(2)(f) of the Universite de Moncton Act, the Lieutenant-Governor in Council appoints Mireille Vautour, Edmundston, New Brunswick, to the Board of Governors of the Universite de Moncton, as a member representing the North West region of the province, for a term of three years, effective August 12, 2020. 3. Under paragraph 6(2)(g) of the Universite de Moncton Act, the Lieutenant-Governor in Council appoints Etiennette Bosse, Saint John, New Brunswick, as a member of the Board of Governors of the Universite de Moncton, for a term of three years, effective August 12, 2020. B?:~:r~ Lieutenant-Governor This is to certify that the foregoing is a true copy of an Order of the Lieutenant-Governor in Council of the Je certifie que le document qui precede est une copie conforme d'un decret du lieutenant-gouverneur en conseil Province of New Brunswick, made on the de la province du Nouveau-Brunswick, pris le",https://ijf-next-frontend-git-apt-ijf.vercel.app/appointments/ec055e1bea75c04663e2a05c55a512be
Gerald Levesque,member,Justice and Attorney General,,nb,2020-08-12,2020-08-12,,5 years,,,False,OIC2020-180E,apt/nb/apt-nb-a51e8eb1b8ae7ab46c70aa8387489005-OIC2020-180E*2020-08-12*Justice_and_Attorney_General-2025-01-27T18:22:47,"180 AUGUST 12, 2020 2020-180 1. Under subsection 672.38(1) of the Criminal Code (Canada), the Lieutenant-Governor in Council appoints the following persons as members of the Criminal Code Review Board, for a term of five years, effective August 12, 2020: (a) l. Gerald Levesque, Saint-Basile, New Brunswick; (b) Jessica Paradis, Atholville, New Brunswick; and (c) Maria Conroy, Fredericton, New Brunswick. 2. Under section 672.39 and subsection 672.38(1) of the Criminal Code (Canada), the Lieutenant-Governor in Council revokes: (a) Order in Council 98-520 dated August 13, 1998; (b) Section 1 of Order in Council 2009-512 dated November 26, 2009; (c) Paragraph 1(a) of Order in Council 2012-141 dated April 12, 2012;and (d) Order in Council 2012-303 dated September 26, 2012. E3» Lieutenant-Governor This is to certify that the foregoing is a true copy of an Order of the Lieutenant-Governor in Council of the Je certifie que le document qui precede est une copie conforme d'un decret du lieutenant-gouverneur en conseil Province of New Brunswick, made on the 12 Aug de la province du Nouveau-Brunswick, pris le",https://ijf-next-frontend-git-apt-ijf.vercel.app/appointments/ca19080c13e882aa065e38956d142d04
Giselle Price,Member,Environment and Local Government,,nb,2020-08-12,2020-11-14,,3 years,,,True,OIC2020-183E,apt/nb/apt-nb-a3c1053fe1b4a79e8adbc701d53958f8-OIC2020-183E*2020-08-12*Environment_and_Local_Government-2025-01-27T18:22:47,"183 AUGUST 12, 2020 2020-183 1. Under paragraph 2(1)(b) and subsection 3(3) of the Assessment and Planning Appeal Board Act, the Lieutenant-Governor in Council reappoints the following persons as members of the Assessment and Planning Appeal Board, for a term of three years: (a) Giselle Price, Fredericton, New Brunswick, from Region 9, effective November 14, 2020; and (b) Michael Blanchard, Bath, New Brunswick, from Region 11, effective August 12, 2020. 2. Under subsections 3(3) and 9(1) of the Assessment and Planning Appeal Board Act, the Lieutenant-Governor in Council reappoints the following persons as alternate members of the Assessment and Planning Appeal Board, for a term of three years, effective August 12, 2020: (a) Angela Breau Caissie, Cocagne, New Brunswick, from Region 2;and (b) Yvon Albert, St. Stephen, New Brunswick, from Region 8. 3. Under paragraph 2(1)(b) and subsection 3(3) of the Assessment and Planning Appeal Board Act, the Lieutenant-Governor in Council appoints Steven Frits, Lower Millstream, New Brunswick, as a member of the Assessment and Planning Appeal Board from Region 7, for a term of three years, effective August 12, 2020. - 2 184 4. Under subsections 3(3) and 9(1) of the Assessment and Planning Appeal Board Act, the Lieutenant-Governor in Council appoints Christine Couturier, Dieppe, New Brunswick as an alternate member of the Assessment and Planning Appeal Board from Region 1, for a term of three years, effective August 12, 2020. 5. Under subsection 9(1) of the Assessment and Planning Appeal Board Act and section 26 of the Interpretation Act, the Lieutenant-Governor in Council revokes section 10 of Order in Council 2019-108 dated June 6, 2019. %%pr{ Brenda L. Murphy Lieutenant-Governor This is to certify that the foregoing is a true copy of an Order of the Lieutenant-Governor in Council of the Je certifie que le document qui precede est une copie conforme d'un decret du lieutenant-gouverneur en conseil Province of New Brunswick, made on the de la province du Nouveau-Brunswick, pris le",https://ijf-next-frontend-git-apt-ijf.vercel.app/appointments/1e195f7c47a7dd971617fd61803325f9
Jennifer Stead,member,"Tourism, Heritage and Culture",,nb,2020-08-12,2020-11-22,,3 years,,,True,OIC2020-179E,"apt/nb/apt-nb-6442cd9002fc7cfa62f943eb7d55c371-OIC2020-179E*2020-08-12*Tourism,_Heritage_and_Culture-2025-01-27T18:22:47","179 AUGUST 12, 2020 2020-179 Under paragraphs 6(1)(b), 6(3)(a) and 6(3)(b) of the New Brunswick Arts Board Act, the Lieutenant-Governor in Council reappoints Jennifer Stead, Upper Kent, New Brunswick, as a member of the New Brunswick Arts Board, for a term of three years, effective November 22, 2020. '. 0p-, Brenda L. Murphy Lieutenant-Governor This is to certify that the foregoing is a true copy of an Order of the Lieutenant-Governor in Council of the Je certifie que le document qui precede est une copie conforme d'un decret du lieutenant-gouverneur en conseil Province of New Brunswick, made on the 12 Au de la province du Nouveau-Brunswick, pris le",https://ijf-next-frontend-git-apt-ijf.vercel.app/appointments/2a8f18582d36a5bb5a73ef5b53ff7370
Jessica Paradis,member,Justice and Attorney General,,nb,2020-08-12,2020-08-12,,5 years,,,False,OIC2020-180E,apt/nb/apt-nb-a51e8eb1b8ae7ab46c70aa8387489005-OIC2020-180E*2020-08-12*Justice_and_Attorney_General-2025-01-27T18:22:47,"180 AUGUST 12, 2020 2020-180 1. Under subsection 672.38(1) of the Criminal Code (Canada), the Lieutenant-Governor in Council appoints the following persons as members of the Criminal Code Review Board, for a term of five years, effective August 12, 2020: (a) l. Gerald Levesque, Saint-Basile, New Brunswick; (b) Jessica Paradis, Atholville, New Brunswick; and (c) Maria Conroy, Fredericton, New Brunswick. 2. Under section 672.39 and subsection 672.38(1) of the Criminal Code (Canada), the Lieutenant-Governor in Council revokes: (a) Order in Council 98-520 dated August 13, 1998; (b) Section 1 of Order in Council 2009-512 dated November 26, 2009; (c) Paragraph 1(a) of Order in Council 2012-141 dated April 12, 2012;and (d) Order in Council 2012-303 dated September 26, 2012. E3» Lieutenant-Governor This is to certify that the foregoing is a true copy of an Order of the Lieutenant-Governor in Council of the Je certifie que le document qui precede est une copie conforme d'un decret du lieutenant-gouverneur en conseil Province of New Brunswick, made on the 12 Aug de la province du Nouveau-Brunswick, pris le",https://ijf-next-frontend-git-apt-ijf.vercel.app/appointments/3189fc6d701abfb722e6729de284b3a8
Manon Bertin Couillard,Residential Tenancies Officer,Service New Brunswick,,nb,2020-08-12,2020-08-12,,,,,False,OIC2020-182E,apt/nb/apt-nb-eb24cee3736d2b9b5efc5ca7605b3c73-OIC2020-182E*2020-08-12*Service_New_Brunswick-2025-01-27T18:22:47,"182 AUGUST 12, 2020 2020-182 Under subsection 26(1) of The Residential Tenancies Act, the Lieutenant-Governor in Council appoints the following persons as Residential Tenancies Officers, effective August 12, 2020: (a) Manon Bertin Couillard, Fredericton, New Brunswick; and (b) Andrea Wilbur, Saint John, New Brunswick. /o. .4 l--r% Brenda L. Murphy Lieutenant-Governor This is to certify that the foregoing is a true copy of an Order of the Lieutenant-Governor in Council of the Je certifie que le document qui precede est une copie conforme d'un decret du lieutenant-gouverneur en conseil Province of New Brunswick, made on the 12 Aug de la province du Nouveau-Brunswick, pris le",https://ijf-next-frontend-git-apt-ijf.vercel.app/appointments/3fc95be9469a0f71b4b3a39143f74c78
Maria Conroy,member,Justice and Attorney General,,nb,2020-08-12,2020-08-12,,5 years,,,False,OIC2020-180E,apt/nb/apt-nb-a51e8eb1b8ae7ab46c70aa8387489005-OIC2020-180E*2020-08-12*Justice_and_Attorney_General-2025-01-27T18:22:47,"180 AUGUST 12, 2020 2020-180 1. Under subsection 672.38(1) of the Criminal Code (Canada), the Lieutenant-Governor in Council appoints the following persons as members of the Criminal Code Review Board, for a term of five years, effective August 12, 2020: (a) l. Gerald Levesque, Saint-Basile, New Brunswick; (b) Jessica Paradis, Atholville, New Brunswick; and (c) Maria Conroy, Fredericton, New Brunswick. 2. Under section 672.39 and subsection 672.38(1) of the Criminal Code (Canada), the Lieutenant-Governor in Council revokes: (a) Order in Council 98-520 dated August 13, 1998; (b) Section 1 of Order in Council 2009-512 dated November 26, 2009; (c) Paragraph 1(a) of Order in Council 2012-141 dated April 12, 2012;and (d) Order in Council 2012-303 dated September 26, 2012. E3» Lieutenant-Governor This is to certify that the foregoing is a true copy of an Order of the Lieutenant-Governor in Council of the Je certifie que le document qui precede est une copie conforme d'un decret du lieutenant-gouverneur en conseil Province of New Brunswick, made on the 12 Aug de la province du Nouveau-Brunswick, pris le",https://ijf-next-frontend-git-apt-ijf.vercel.app/appointments/c1cb086aa1905bf62a33848e7747ec7f
Marilyne Paradis,coroner,Public Safety,,nb,2020-08-12,2020-08-12,,3 years,,,False,OIC2020-181E,apt/nb/apt-nb-0fa2769b4a28e4418281fd91071f523b-OIC2020-181E*2020-08-12*Public_Safety-2025-01-27T18:22:47,"181 AUGUST 12, 2020 2020-181 Under subsections 2(2) of the Coroners Act, the Lieutenant Governor in Council appoints the following persons as coroners, for a term of three years, effective August 12, 2020: (a) Serge Landry, Grande Anse, New Brunswick; (b) Christine Sonier, Tracadie-Sheila, New Brunswick; and (c) Marilyne Paradis, Middle River, New Brunswick. fr, Brenda L. Murphy Lieutenant-Governor This is to certify that the foregoing is a true copy of an Order of the Lieutenant-Governor in Council of the Je certifie que le document qui precede est une copie conforme d'un decret du lieutenant-gouverneur en conseil Province of New Brunswick, made on the de la province du Nouveau-Brunswick, pris le",https://ijf-next-frontend-git-apt-ijf.vercel.app/appointments/30b653e70471d6ee309e05ef340705fc
Michael Blanchard,Member,Environment and Local Government,,nb,2020-08-12,2020-08-12,,3 years,,,True,OIC2020-183E,apt/nb/apt-nb-a3c1053fe1b4a79e8adbc701d53958f8-OIC2020-183E*2020-08-12*Environment_and_Local_Government-2025-01-27T18:22:47,"183 AUGUST 12, 2020 2020-183 1. Under paragraph 2(1)(b) and subsection 3(3) of the Assessment and Planning Appeal Board Act, the Lieutenant-Governor in Council reappoints the following persons as members of the Assessment and Planning Appeal Board, for a term of three years: (a) Giselle Price, Fredericton, New Brunswick, from Region 9, effective November 14, 2020; and (b) Michael Blanchard, Bath, New Brunswick, from Region 11, effective August 12, 2020. 2. Under subsections 3(3) and 9(1) of the Assessment and Planning Appeal Board Act, the Lieutenant-Governor in Council reappoints the following persons as alternate members of the Assessment and Planning Appeal Board, for a term of three years, effective August 12, 2020: (a) Angela Breau Caissie, Cocagne, New Brunswick, from Region 2;and (b) Yvon Albert, St. Stephen, New Brunswick, from Region 8. 3. Under paragraph 2(1)(b) and subsection 3(3) of the Assessment and Planning Appeal Board Act, the Lieutenant-Governor in Council appoints Steven Frits, Lower Millstream, New Brunswick, as a member of the Assessment and Planning Appeal Board from Region 7, for a term of three years, effective August 12, 2020. - 2 184 4. Under subsections 3(3) and 9(1) of the Assessment and Planning Appeal Board Act, the Lieutenant-Governor in Council appoints Christine Couturier, Dieppe, New Brunswick as an alternate member of the Assessment and Planning Appeal Board from Region 1, for a term of three years, effective August 12, 2020. 5. Under subsection 9(1) of the Assessment and Planning Appeal Board Act and section 26 of the Interpretation Act, the Lieutenant-Governor in Council revokes section 10 of Order in Council 2019-108 dated June 6, 2019. %%pr{ Brenda L. Murphy Lieutenant-Governor This is to certify that the foregoing is a true copy of an Order of the Lieutenant-Governor in Council of the Je certifie que le document qui precede est une copie conforme d'un decret du lieutenant-gouverneur en conseil Province of New Brunswick, made on the de la province du Nouveau-Brunswick, pris le",https://ijf-next-frontend-git-apt-ijf.vercel.app/appointments/2afa5f84c01b4a7522b8197d5f4e0f5c
Mireille Vautour,member,Post-Secondary Education Training and Labour,,nb,2020-08-12,2020-08-12,,3 years,,,False,OIC2020-178E,apt/nb/apt-nb-ce14ceb154ed2db55e886c90e3764242-OIC2020-178E*2020-08-12*Post-Secondary_Education_Training_and_Labour-2025-01-27T18:22:47,"178 AUGUST 12, 2020 2020-178 1. Under paragraph 6(2)(f) of the Universite de Moncton Act, the Lieutenant-Governor in Council appoints Denis Mallet, Shippagan, New Brunswick, to the Board of Governors of the Universite de Moncton, as a member representing the North East region of the province, for a term of three years, effective August 12, 2020. 2. Under paragraph 6(2)(f) of the Universite de Moncton Act, the Lieutenant-Governor in Council appoints Mireille Vautour, Edmundston, New Brunswick, to the Board of Governors of the Universite de Moncton, as a member representing the North West region of the province, for a term of three years, effective August 12, 2020. 3. Under paragraph 6(2)(g) of the Universite de Moncton Act, the Lieutenant-Governor in Council appoints Etiennette Bosse, Saint John, New Brunswick, as a member of the Board of Governors of the Universite de Moncton, for a term of three years, effective August 12, 2020. B?:~:r~ Lieutenant-Governor This is to certify that the foregoing is a true copy of an Order of the Lieutenant-Governor in Council of the Je certifie que le document qui precede est une copie conforme d'un decret du lieutenant-gouverneur en conseil Province of New Brunswick, made on the de la province du Nouveau-Brunswick, pris le",https://ijf-next-frontend-git-apt-ijf.vercel.app/appointments/8ca34aaa49632c2bc19fc8c0c17d7bc3
Serge Landry,coroner,Public Safety,,nb,2020-08-12,2020-08-12,,3 years,,,False,OIC2020-181E,apt/nb/apt-nb-0fa2769b4a28e4418281fd91071f523b-OIC2020-181E*2020-08-12*Public_Safety-2025-01-27T18:22:47,"181 AUGUST 12, 2020 2020-181 Under subsections 2(2) of the Coroners Act, the Lieutenant Governor in Council appoints the following persons as coroners, for a term of three years, effective August 12, 2020: (a) Serge Landry, Grande Anse, New Brunswick; (b) Christine Sonier, Tracadie-Sheila, New Brunswick; and (c) Marilyne Paradis, Middle River, New Brunswick. fr, Brenda L. Murphy Lieutenant-Governor This is to certify that the foregoing is a true copy of an Order of the Lieutenant-Governor in Council of the Je certifie que le document qui precede est une copie conforme d'un decret du lieutenant-gouverneur en conseil Province of New Brunswick, made on the de la province du Nouveau-Brunswick, pris le",https://ijf-next-frontend-git-apt-ijf.vercel.app/appointments/d15f2759a47dc6f945305b8e9fc32daf
Steven Frits,Member,Environment and Local Government,,nb,2020-08-12,2020-08-12,,3 years,,,False,OIC2020-183E,apt/nb/apt-nb-a3c1053fe1b4a79e8adbc701d53958f8-OIC2020-183E*2020-08-12*Environment_and_Local_Government-2025-01-27T18:22:47,"183 AUGUST 12, 2020 2020-183 1. Under paragraph 2(1)(b) and subsection 3(3) of the Assessment and Planning Appeal Board Act, the Lieutenant-Governor in Council reappoints the following persons as members of the Assessment and Planning Appeal Board, for a term of three years: (a) Giselle Price, Fredericton, New Brunswick, from Region 9, effective November 14, 2020; and (b) Michael Blanchard, Bath, New Brunswick, from Region 11, effective August 12, 2020. 2. Under subsections 3(3) and 9(1) of the Assessment and Planning Appeal Board Act, the Lieutenant-Governor in Council reappoints the following persons as alternate members of the Assessment and Planning Appeal Board, for a term of three years, effective August 12, 2020: (a) Angela Breau Caissie, Cocagne, New Brunswick, from Region 2;and (b) Yvon Albert, St. Stephen, New Brunswick, from Region 8. 3. Under paragraph 2(1)(b) and subsection 3(3) of the Assessment and Planning Appeal Board Act, the Lieutenant-Governor in Council appoints Steven Frits, Lower Millstream, New Brunswick, as a member of the Assessment and Planning Appeal Board from Region 7, for a term of three years, effective August 12, 2020. - 2 184 4. Under subsections 3(3) and 9(1) of the Assessment and Planning Appeal Board Act, the Lieutenant-Governor in Council appoints Christine Couturier, Dieppe, New Brunswick as an alternate member of the Assessment and Planning Appeal Board from Region 1, for a term of three years, effective August 12, 2020. 5. Under subsection 9(1) of the Assessment and Planning Appeal Board Act and section 26 of the Interpretation Act, the Lieutenant-Governor in Council revokes section 10 of Order in Council 2019-108 dated June 6, 2019. %%pr{ Brenda L. Murphy Lieutenant-Governor This is to certify that the foregoing is a true copy of an Order of the Lieutenant-Governor in Council of the Je certifie que le document qui precede est une copie conforme d'un decret du lieutenant-gouverneur en conseil Province of New Brunswick, made on the de la province du Nouveau-Brunswick, pris le",https://ijf-next-frontend-git-apt-ijf.vercel.app/appointments/a04ef3dbfd028a9f28443f8c968ea286
Yvon Albert,Alternate Member,Environment and Local Government,,nb,2020-08-12,2020-08-12,,3 years,,,True,OIC2020-183E,apt/nb/apt-nb-a3c1053fe1b4a79e8adbc701d53958f8-OIC2020-183E*2020-08-12*Environment_and_Local_Government-2025-01-27T18:22:47,"183 AUGUST 12, 2020 2020-183 1. Under paragraph 2(1)(b) and subsection 3(3) of the Assessment and Planning Appeal Board Act, the Lieutenant-Governor in Council reappoints the following persons as members of the Assessment and Planning Appeal Board, for a term of three years: (a) Giselle Price, Fredericton, New Brunswick, from Region 9, effective November 14, 2020; and (b) Michael Blanchard, Bath, New Brunswick, from Region 11, effective August 12, 2020. 2. Under subsections 3(3) and 9(1) of the Assessment and Planning Appeal Board Act, the Lieutenant-Governor in Council reappoints the following persons as alternate members of the Assessment and Planning Appeal Board, for a term of three years, effective August 12, 2020: (a) Angela Breau Caissie, Cocagne, New Brunswick, from Region 2;and (b) Yvon Albert, St. Stephen, New Brunswick, from Region 8. 3. Under paragraph 2(1)(b) and subsection 3(3) of the Assessment and Planning Appeal Board Act, the Lieutenant-Governor in Council appoints Steven Frits, Lower Millstream, New Brunswick, as a member of the Assessment and Planning Appeal Board from Region 7, for a term of three years, effective August 12, 2020. - 2 184 4. Under subsections 3(3) and 9(1) of the Assessment and Planning Appeal Board Act, the Lieutenant-Governor in Council appoints Christine Couturier, Dieppe, New Brunswick as an alternate member of the Assessment and Planning Appeal Board from Region 1, for a term of three years, effective August 12, 2020. 5. Under subsection 9(1) of the Assessment and Planning Appeal Board Act and section 26 of the Interpretation Act, the Lieutenant-Governor in Council revokes section 10 of Order in Council 2019-108 dated June 6, 2019. %%pr{ Brenda L. Murphy Lieutenant-Governor This is to certify that the foregoing is a true copy of an Order of the Lieutenant-Governor in Council of the Je certifie que le document qui precede est une copie conforme d'un decret du lieutenant-gouverneur en conseil Province of New Brunswick, made on the de la province du Nouveau-Brunswick, pris le",https://ijf-next-frontend-git-apt-ijf.vercel.app/appointments/6f804a5e7d2901212d2062f1ed15dd12
Arlene Dunn,member of the Executive Council,Executive Council Office,,nb,2020-09-29,2020-09-29,,,,,False,OIC2020-192E,apt/nb/apt-nb-ce4c5f863a9677b1b990fff520168ed7-OIC2020-192E*2020-09-29*Executive_Council_Office-2025-01-27T18:22:47,"192 SEPTEMBER 29, 2020 2020-192 Under section 1 of the Executive Council Act, the Lieutenant Governor appoints the following persons as members of the Executive Council, effective September 29, 2020: (a) Blaine Higgs, a member of the Legislative Assembly for the electoral district of Ouispamsis; (b) Hugh John (Ted) Flemming, Q.C., a member of the Legislative Assembly for the electoral district of Rothesay; (c) Jill Green, a member of the Legislative Assembly for the electoral district of Fredericton North; (d) Margaret Johnson, a member of the Legislative Assembly for the electoral district of Carleton-Victoria; (e) Dorothy Shephard, a member of the Legislative Assembly for the electoral district of Saint John Lancaster; (f) Dominic Cardy, a member of the Legislative Assembly for the electoral district of Fredericton West-Hanwell; (g) Ernie Steeves, a member of the Legislative Assembly for the electoral district of Moncton Northwest; (h) Arlene Dunn, a member of the Legislative Assembly for the electoral district of Saint John Harbour; 192 - 2 (i) Daniel Allain, a member of the Legislative Assembly for the electoral district of Moncton East; (j) Gary Crossman, a member of the Legislative Assembly for the electoral district of Hampton; (k) Bruce Fitch, a member of the Legislative Assembly for the electoral district of Riverview; (1) Mary Wilson, a member of the Legislative Assembly for the electoral district of Oromocto-Lincoln-Fredericton; (m) Trevor Holder, a member of the Legislative Assembly for the electoral district of Portland-Simonds; (n) Tammy Scott-Wallace, a member of the Legislative Assembly for the electoral district of Sussex-Fundy-St. Martins; and (o) Glen Savoie, a member of the Legislative Assembly for the electoral district of Saint John East. 6.%%r, Brenda L. Murphy Lieutenant-Governor This is to certify that the foregoing is a true copy of an Order of the Lieutenant-Governor in Council of the Je certifie que le document qui precede est une copie conforme d'un decret du lieutenant-gouverneur en conseil Province of New Brunswick, made on the 29 September 2020. de la province du Nouveau-Brunswick, pris le Secretary to CaBbinet / Soencr etaire du Cabinet hate y?",https://ijf-next-frontend-git-apt-ijf.vercel.app/appointments/af906a5760ee8ed9f7a8b2abc38b5eb8
Arlene Dunn,Minister of Aboriginal Affairs,Executive Council Office,,nb,2020-09-29,2020-09-29,,,,,False,OIC2020-193E,apt/nb/apt-nb-fce0cddf5450ea17bb1176bf1d4d4008-OIC2020-193E*2020-09-29*Executive_Council_Office-2025-01-27T18:22:47,"193 SEPTEMBRE 29, 2020 2020-193 Under section 2 of the Executive Council Act, the Lieutenant Governor appoints under the Great Seal of the Province, from among the members of the Executive Council, the following Ministers who shall hold office during pleasure, effective September 29, 2020: (a) The Honourable Blaine Higgs, Premier and President of the Executive Council; (b) The Honourable Margaret Johnson, Minister of Agriculture, Aquaculture and Fisheries; (c) The Honourable Dominic Cardy, Minister of Education and Early Childhood Development; (d) The Honourable Ernie Steeves, Minister of Finance and Treasury Board; (e) The Honourable Dorothy Shephard, Minister of Health; (f) The Honourable Trevor Holder, Minister of Post-Secondary Education, Training and Labour; (g) The Honourable Mary Wilson, Minister of Service New Brunswick; (h) The Honourable Bruce Fitch, Minister of Social Development; 193 - 2 - (i) The Honourable Tammy Scott-Wallace Minister of Tourism, Heritage and Culture; (j) The Honourable Jill Green, Minister of Transportation and Infrastructure; and (k) The Honourable Arlene Dunn, Minister of Aboriginal Affairs. Brenda L. Murphy Lieutenant-Governor This is to certify that the foregoing is a true copy of an Order of the Lieutenant-Governor in Council of the Je certifie que le document qui precede est une copie conforme d'un decret du lieutenant-gouverneur en conseil Province of New Brunswick, made on the 29 September 2020. de la province du Nouveau-Brunswick, pris le Secretary to Cabinet / Secretaire du Cabinet pate. Bon 7/@M\#",https://ijf-next-frontend-git-apt-ijf.vercel.app/appointments/5741b5590ef1bf8b171fb975c084f6be
Blaine Higgs,Premier and President of the Executive Council,Executive Council Office,,nb,2020-09-29,2020-09-29,,,,,False,OIC2020-193E,apt/nb/apt-nb-fce0cddf5450ea17bb1176bf1d4d4008-OIC2020-193E*2020-09-29*Executive_Council_Office-2025-01-27T18:22:47,"193 SEPTEMBRE 29, 2020 2020-193 Under section 2 of the Executive Council Act, the Lieutenant Governor appoints under the Great Seal of the Province, from among the members of the Executive Council, the following Ministers who shall hold office during pleasure, effective September 29, 2020: (a) The Honourable Blaine Higgs, Premier and President of the Executive Council; (b) The Honourable Margaret Johnson, Minister of Agriculture, Aquaculture and Fisheries; (c) The Honourable Dominic Cardy, Minister of Education and Early Childhood Development; (d) The Honourable Ernie Steeves, Minister of Finance and Treasury Board; (e) The Honourable Dorothy Shephard, Minister of Health; (f) The Honourable Trevor Holder, Minister of Post-Secondary Education, Training and Labour; (g) The Honourable Mary Wilson, Minister of Service New Brunswick; (h) The Honourable Bruce Fitch, Minister of Social Development; 193 - 2 - (i) The Honourable Tammy Scott-Wallace Minister of Tourism, Heritage and Culture; (j) The Honourable Jill Green, Minister of Transportation and Infrastructure; and (k) The Honourable Arlene Dunn, Minister of Aboriginal Affairs. Brenda L. Murphy Lieutenant-Governor This is to certify that the foregoing is a true copy of an Order of the Lieutenant-Governor in Council of the Je certifie que le document qui precede est une copie conforme d'un decret du lieutenant-gouverneur en conseil Province of New Brunswick, made on the 29 September 2020. de la province du Nouveau-Brunswick, pris le Secretary to Cabinet / Secretaire du Cabinet pate. Bon 7/@M\#",https://ijf-next-frontend-git-apt-ijf.vercel.app/appointments/7c4763637cdca5ca47c1937c66f79888
Blaine Higgs,member of the Executive Council,Executive Council Office,,nb,2020-09-29,2020-09-29,,,,,False,OIC2020-192E,apt/nb/apt-nb-ce4c5f863a9677b1b990fff520168ed7-OIC2020-192E*2020-09-29*Executive_Council_Office-2025-01-27T18:22:47,"192 SEPTEMBER 29, 2020 2020-192 Under section 1 of the Executive Council Act, the Lieutenant Governor appoints the following persons as members of the Executive Council, effective September 29, 2020: (a) Blaine Higgs, a member of the Legislative Assembly for the electoral district of Ouispamsis; (b) Hugh John (Ted) Flemming, Q.C., a member of the Legislative Assembly for the electoral district of Rothesay; (c) Jill Green, a member of the Legislative Assembly for the electoral district of Fredericton North; (d) Margaret Johnson, a member of the Legislative Assembly for the electoral district of Carleton-Victoria; (e) Dorothy Shephard, a member of the Legislative Assembly for the electoral district of Saint John Lancaster; (f) Dominic Cardy, a member of the Legislative Assembly for the electoral district of Fredericton West-Hanwell; (g) Ernie Steeves, a member of the Legislative Assembly for the electoral district of Moncton Northwest; (h) Arlene Dunn, a member of the Legislative Assembly for the electoral district of Saint John Harbour; 192 - 2 (i) Daniel Allain, a member of the Legislative Assembly for the electoral district of Moncton East; (j) Gary Crossman, a member of the Legislative Assembly for the electoral district of Hampton; (k) Bruce Fitch, a member of the Legislative Assembly for the electoral district of Riverview; (1) Mary Wilson, a member of the Legislative Assembly for the electoral district of Oromocto-Lincoln-Fredericton; (m) Trevor Holder, a member of the Legislative Assembly for the electoral district of Portland-Simonds; (n) Tammy Scott-Wallace, a member of the Legislative Assembly for the electoral district of Sussex-Fundy-St. Martins; and (o) Glen Savoie, a member of the Legislative Assembly for the electoral district of Saint John East. 6.%%r, Brenda L. Murphy Lieutenant-Governor This is to certify that the foregoing is a true copy of an Order of the Lieutenant-Governor in Council of the Je certifie que le document qui precede est une copie conforme d'un decret du lieutenant-gouverneur en conseil Province of New Brunswick, made on the 29 September 2020. de la province du Nouveau-Brunswick, pris le Secretary to CaBbinet / Soencr etaire du Cabinet hate y?",https://ijf-next-frontend-git-apt-ijf.vercel.app/appointments/11c1f54f72e6d940cdb0f1e3cb860760
Bruce Fitch,Minister of Social Development,Executive Council Office,,nb,2020-09-29,2020-09-29,,,,,False,OIC2020-193E,apt/nb/apt-nb-fce0cddf5450ea17bb1176bf1d4d4008-OIC2020-193E*2020-09-29*Executive_Council_Office-2025-01-27T18:22:47,"193 SEPTEMBRE 29, 2020 2020-193 Under section 2 of the Executive Council Act, the Lieutenant Governor appoints under the Great Seal of the Province, from among the members of the Executive Council, the following Ministers who shall hold office during pleasure, effective September 29, 2020: (a) The Honourable Blaine Higgs, Premier and President of the Executive Council; (b) The Honourable Margaret Johnson, Minister of Agriculture, Aquaculture and Fisheries; (c) The Honourable Dominic Cardy, Minister of Education and Early Childhood Development; (d) The Honourable Ernie Steeves, Minister of Finance and Treasury Board; (e) The Honourable Dorothy Shephard, Minister of Health; (f) The Honourable Trevor Holder, Minister of Post-Secondary Education, Training and Labour; (g) The Honourable Mary Wilson, Minister of Service New Brunswick; (h) The Honourable Bruce Fitch, Minister of Social Development; 193 - 2 - (i) The Honourable Tammy Scott-Wallace Minister of Tourism, Heritage and Culture; (j) The Honourable Jill Green, Minister of Transportation and Infrastructure; and (k) The Honourable Arlene Dunn, Minister of Aboriginal Affairs. Brenda L. Murphy Lieutenant-Governor This is to certify that the foregoing is a true copy of an Order of the Lieutenant-Governor in Council of the Je certifie que le document qui precede est une copie conforme d'un decret du lieutenant-gouverneur en conseil Province of New Brunswick, made on the 29 September 2020. de la province du Nouveau-Brunswick, pris le Secretary to Cabinet / Secretaire du Cabinet pate. Bon 7/@M\#",https://ijf-next-frontend-git-apt-ijf.vercel.app/appointments/f77062b103f031e9bc0afd616b2fe53d
Bruce Fitch,member of the Executive Council,Executive Council Office,,nb,2020-09-29,2020-09-29,,,,,False,OIC2020-192E,apt/nb/apt-nb-ce4c5f863a9677b1b990fff520168ed7-OIC2020-192E*2020-09-29*Executive_Council_Office-2025-01-27T18:22:47,"192 SEPTEMBER 29, 2020 2020-192 Under section 1 of the Executive Council Act, the Lieutenant Governor appoints the following persons as members of the Executive Council, effective September 29, 2020: (a) Blaine Higgs, a member of the Legislative Assembly for the electoral district of Ouispamsis; (b) Hugh John (Ted) Flemming, Q.C., a member of the Legislative Assembly for the electoral district of Rothesay; (c) Jill Green, a member of the Legislative Assembly for the electoral district of Fredericton North; (d) Margaret Johnson, a member of the Legislative Assembly for the electoral district of Carleton-Victoria; (e) Dorothy Shephard, a member of the Legislative Assembly for the electoral district of Saint John Lancaster; (f) Dominic Cardy, a member of the Legislative Assembly for the electoral district of Fredericton West-Hanwell; (g) Ernie Steeves, a member of the Legislative Assembly for the electoral district of Moncton Northwest; (h) Arlene Dunn, a member of the Legislative Assembly for the electoral district of Saint John Harbour; 192 - 2 (i) Daniel Allain, a member of the Legislative Assembly for the electoral district of Moncton East; (j) Gary Crossman, a member of the Legislative Assembly for the electoral district of Hampton; (k) Bruce Fitch, a member of the Legislative Assembly for the electoral district of Riverview; (1) Mary Wilson, a member of the Legislative Assembly for the electoral district of Oromocto-Lincoln-Fredericton; (m) Trevor Holder, a member of the Legislative Assembly for the electoral district of Portland-Simonds; (n) Tammy Scott-Wallace, a member of the Legislative Assembly for the electoral district of Sussex-Fundy-St. Martins; and (o) Glen Savoie, a member of the Legislative Assembly for the electoral district of Saint John East. 6.%%r, Brenda L. Murphy Lieutenant-Governor This is to certify that the foregoing is a true copy of an Order of the Lieutenant-Governor in Council of the Je certifie que le document qui precede est une copie conforme d'un decret du lieutenant-gouverneur en conseil Province of New Brunswick, made on the 29 September 2020. de la province du Nouveau-Brunswick, pris le Secretary to CaBbinet / Soencr etaire du Cabinet hate y?",https://ijf-next-frontend-git-apt-ijf.vercel.app/appointments/a8394efe7dc3de246b0d9ca3f505f934
Daniel Allain,member of the Executive Council,Executive Council Office,,nb,2020-09-29,2020-09-29,,,,,False,OIC2020-192E,apt/nb/apt-nb-ce4c5f863a9677b1b990fff520168ed7-OIC2020-192E*2020-09-29*Executive_Council_Office-2025-01-27T18:22:47,"192 SEPTEMBER 29, 2020 2020-192 Under section 1 of the Executive Council Act, the Lieutenant Governor appoints the following persons as members of the Executive Council, effective September 29, 2020: (a) Blaine Higgs, a member of the Legislative Assembly for the electoral district of Ouispamsis; (b) Hugh John (Ted) Flemming, Q.C., a member of the Legislative Assembly for the electoral district of Rothesay; (c) Jill Green, a member of the Legislative Assembly for the electoral district of Fredericton North; (d) Margaret Johnson, a member of the Legislative Assembly for the electoral district of Carleton-Victoria; (e) Dorothy Shephard, a member of the Legislative Assembly for the electoral district of Saint John Lancaster; (f) Dominic Cardy, a member of the Legislative Assembly for the electoral district of Fredericton West-Hanwell; (g) Ernie Steeves, a member of the Legislative Assembly for the electoral district of Moncton Northwest; (h) Arlene Dunn, a member of the Legislative Assembly for the electoral district of Saint John Harbour; 192 - 2 (i) Daniel Allain, a member of the Legislative Assembly for the electoral district of Moncton East; (j) Gary Crossman, a member of the Legislative Assembly for the electoral district of Hampton; (k) Bruce Fitch, a member of the Legislative Assembly for the electoral district of Riverview; (1) Mary Wilson, a member of the Legislative Assembly for the electoral district of Oromocto-Lincoln-Fredericton; (m) Trevor Holder, a member of the Legislative Assembly for the electoral district of Portland-Simonds; (n) Tammy Scott-Wallace, a member of the Legislative Assembly for the electoral district of Sussex-Fundy-St. Martins; and (o) Glen Savoie, a member of the Legislative Assembly for the electoral district of Saint John East. 6.%%r, Brenda L. Murphy Lieutenant-Governor This is to certify that the foregoing is a true copy of an Order of the Lieutenant-Governor in Council of the Je certifie que le document qui precede est une copie conforme d'un decret du lieutenant-gouverneur en conseil Province of New Brunswick, made on the 29 September 2020. de la province du Nouveau-Brunswick, pris le Secretary to CaBbinet / Soencr etaire du Cabinet hate y?",https://ijf-next-frontend-git-apt-ijf.vercel.app/appointments/bfb71e47b4113928ded1f804a6d044f2
Dominic Cardy,Minister of Education and Early Childhood Development,Executive Council Office,,nb,2020-09-29,2020-09-29,,,,,False,OIC2020-193E,apt/nb/apt-nb-fce0cddf5450ea17bb1176bf1d4d4008-OIC2020-193E*2020-09-29*Executive_Council_Office-2025-01-27T18:22:47,"193 SEPTEMBRE 29, 2020 2020-193 Under section 2 of the Executive Council Act, the Lieutenant Governor appoints under the Great Seal of the Province, from among the members of the Executive Council, the following Ministers who shall hold office during pleasure, effective September 29, 2020: (a) The Honourable Blaine Higgs, Premier and President of the Executive Council; (b) The Honourable Margaret Johnson, Minister of Agriculture, Aquaculture and Fisheries; (c) The Honourable Dominic Cardy, Minister of Education and Early Childhood Development; (d) The Honourable Ernie Steeves, Minister of Finance and Treasury Board; (e) The Honourable Dorothy Shephard, Minister of Health; (f) The Honourable Trevor Holder, Minister of Post-Secondary Education, Training and Labour; (g) The Honourable Mary Wilson, Minister of Service New Brunswick; (h) The Honourable Bruce Fitch, Minister of Social Development; 193 - 2 - (i) The Honourable Tammy Scott-Wallace Minister of Tourism, Heritage and Culture; (j) The Honourable Jill Green, Minister of Transportation and Infrastructure; and (k) The Honourable Arlene Dunn, Minister of Aboriginal Affairs. Brenda L. Murphy Lieutenant-Governor This is to certify that the foregoing is a true copy of an Order of the Lieutenant-Governor in Council of the Je certifie que le document qui precede est une copie conforme d'un decret du lieutenant-gouverneur en conseil Province of New Brunswick, made on the 29 September 2020. de la province du Nouveau-Brunswick, pris le Secretary to Cabinet / Secretaire du Cabinet pate. Bon 7/@M\#",https://ijf-next-frontend-git-apt-ijf.vercel.app/appointments/1d4427f8cc571f6d2e1d6c10977cb05f
Dominic Cardy,member of the Executive Council,Executive Council Office,,nb,2020-09-29,2020-09-29,,,,,False,OIC2020-192E,apt/nb/apt-nb-ce4c5f863a9677b1b990fff520168ed7-OIC2020-192E*2020-09-29*Executive_Council_Office-2025-01-27T18:22:47,"192 SEPTEMBER 29, 2020 2020-192 Under section 1 of the Executive Council Act, the Lieutenant Governor appoints the following persons as members of the Executive Council, effective September 29, 2020: (a) Blaine Higgs, a member of the Legislative Assembly for the electoral district of Ouispamsis; (b) Hugh John (Ted) Flemming, Q.C., a member of the Legislative Assembly for the electoral district of Rothesay; (c) Jill Green, a member of the Legislative Assembly for the electoral district of Fredericton North; (d) Margaret Johnson, a member of the Legislative Assembly for the electoral district of Carleton-Victoria; (e) Dorothy Shephard, a member of the Legislative Assembly for the electoral district of Saint John Lancaster; (f) Dominic Cardy, a member of the Legislative Assembly for the electoral district of Fredericton West-Hanwell; (g) Ernie Steeves, a member of the Legislative Assembly for the electoral district of Moncton Northwest; (h) Arlene Dunn, a member of the Legislative Assembly for the electoral district of Saint John Harbour; 192 - 2 (i) Daniel Allain, a member of the Legislative Assembly for the electoral district of Moncton East; (j) Gary Crossman, a member of the Legislative Assembly for the electoral district of Hampton; (k) Bruce Fitch, a member of the Legislative Assembly for the electoral district of Riverview; (1) Mary Wilson, a member of the Legislative Assembly for the electoral district of Oromocto-Lincoln-Fredericton; (m) Trevor Holder, a member of the Legislative Assembly for the electoral district of Portland-Simonds; (n) Tammy Scott-Wallace, a member of the Legislative Assembly for the electoral district of Sussex-Fundy-St. Martins; and (o) Glen Savoie, a member of the Legislative Assembly for the electoral district of Saint John East. 6.%%r, Brenda L. Murphy Lieutenant-Governor This is to certify that the foregoing is a true copy of an Order of the Lieutenant-Governor in Council of the Je certifie que le document qui precede est une copie conforme d'un decret du lieutenant-gouverneur en conseil Province of New Brunswick, made on the 29 September 2020. de la province du Nouveau-Brunswick, pris le Secretary to CaBbinet / Soencr etaire du Cabinet hate y?",https://ijf-next-frontend-git-apt-ijf.vercel.app/appointments/3656787ebef0b359215f12065144415b
Dorothy Shephard,Minister of Health,Executive Council Office,,nb,2020-09-29,2020-09-29,,,,,False,OIC2020-193E,apt/nb/apt-nb-fce0cddf5450ea17bb1176bf1d4d4008-OIC2020-193E*2020-09-29*Executive_Council_Office-2025-01-27T18:22:47,"193 SEPTEMBRE 29, 2020 2020-193 Under section 2 of the Executive Council Act, the Lieutenant Governor appoints under the Great Seal of the Province, from among the members of the Executive Council, the following Ministers who shall hold office during pleasure, effective September 29, 2020: (a) The Honourable Blaine Higgs, Premier and President of the Executive Council; (b) The Honourable Margaret Johnson, Minister of Agriculture, Aquaculture and Fisheries; (c) The Honourable Dominic Cardy, Minister of Education and Early Childhood Development; (d) The Honourable Ernie Steeves, Minister of Finance and Treasury Board; (e) The Honourable Dorothy Shephard, Minister of Health; (f) The Honourable Trevor Holder, Minister of Post-Secondary Education, Training and Labour; (g) The Honourable Mary Wilson, Minister of Service New Brunswick; (h) The Honourable Bruce Fitch, Minister of Social Development; 193 - 2 - (i) The Honourable Tammy Scott-Wallace Minister of Tourism, Heritage and Culture; (j) The Honourable Jill Green, Minister of Transportation and Infrastructure; and (k) The Honourable Arlene Dunn, Minister of Aboriginal Affairs. Brenda L. Murphy Lieutenant-Governor This is to certify that the foregoing is a true copy of an Order of the Lieutenant-Governor in Council of the Je certifie que le document qui precede est une copie conforme d'un decret du lieutenant-gouverneur en conseil Province of New Brunswick, made on the 29 September 2020. de la province du Nouveau-Brunswick, pris le Secretary to Cabinet / Secretaire du Cabinet pate. Bon 7/@M\#",https://ijf-next-frontend-git-apt-ijf.vercel.app/appointments/0ceb42d8adc8b094f4517652273a83ab
Dorothy Shephard,member of the Executive Council,Executive Council Office,,nb,2020-09-29,2020-09-29,,,,,False,OIC2020-192E,apt/nb/apt-nb-ce4c5f863a9677b1b990fff520168ed7-OIC2020-192E*2020-09-29*Executive_Council_Office-2025-01-27T18:22:47,"192 SEPTEMBER 29, 2020 2020-192 Under section 1 of the Executive Council Act, the Lieutenant Governor appoints the following persons as members of the Executive Council, effective September 29, 2020: (a) Blaine Higgs, a member of the Legislative Assembly for the electoral district of Ouispamsis; (b) Hugh John (Ted) Flemming, Q.C., a member of the Legislative Assembly for the electoral district of Rothesay; (c) Jill Green, a member of the Legislative Assembly for the electoral district of Fredericton North; (d) Margaret Johnson, a member of the Legislative Assembly for the electoral district of Carleton-Victoria; (e) Dorothy Shephard, a member of the Legislative Assembly for the electoral district of Saint John Lancaster; (f) Dominic Cardy, a member of the Legislative Assembly for the electoral district of Fredericton West-Hanwell; (g) Ernie Steeves, a member of the Legislative Assembly for the electoral district of Moncton Northwest; (h) Arlene Dunn, a member of the Legislative Assembly for the electoral district of Saint John Harbour; 192 - 2 (i) Daniel Allain, a member of the Legislative Assembly for the electoral district of Moncton East; (j) Gary Crossman, a member of the Legislative Assembly for the electoral district of Hampton; (k) Bruce Fitch, a member of the Legislative Assembly for the electoral district of Riverview; (1) Mary Wilson, a member of the Legislative Assembly for the electoral district of Oromocto-Lincoln-Fredericton; (m) Trevor Holder, a member of the Legislative Assembly for the electoral district of Portland-Simonds; (n) Tammy Scott-Wallace, a member of the Legislative Assembly for the electoral district of Sussex-Fundy-St. Martins; and (o) Glen Savoie, a member of the Legislative Assembly for the electoral district of Saint John East. 6.%%r, Brenda L. Murphy Lieutenant-Governor This is to certify that the foregoing is a true copy of an Order of the Lieutenant-Governor in Council of the Je certifie que le document qui precede est une copie conforme d'un decret du lieutenant-gouverneur en conseil Province of New Brunswick, made on the 29 September 2020. de la province du Nouveau-Brunswick, pris le Secretary to CaBbinet / Soencr etaire du Cabinet hate y?",https://ijf-next-frontend-git-apt-ijf.vercel.app/appointments/df7686f2323422c5f523284e91612100
Ernie Steeves,Minister of Finance and Treasury Board,Executive Council Office,,nb,2020-09-29,2020-09-29,,,,,False,OIC2020-193E,apt/nb/apt-nb-fce0cddf5450ea17bb1176bf1d4d4008-OIC2020-193E*2020-09-29*Executive_Council_Office-2025-01-27T18:22:47,"193 SEPTEMBRE 29, 2020 2020-193 Under section 2 of the Executive Council Act, the Lieutenant Governor appoints under the Great Seal of the Province, from among the members of the Executive Council, the following Ministers who shall hold office during pleasure, effective September 29, 2020: (a) The Honourable Blaine Higgs, Premier and President of the Executive Council; (b) The Honourable Margaret Johnson, Minister of Agriculture, Aquaculture and Fisheries; (c) The Honourable Dominic Cardy, Minister of Education and Early Childhood Development; (d) The Honourable Ernie Steeves, Minister of Finance and Treasury Board; (e) The Honourable Dorothy Shephard, Minister of Health; (f) The Honourable Trevor Holder, Minister of Post-Secondary Education, Training and Labour; (g) The Honourable Mary Wilson, Minister of Service New Brunswick; (h) The Honourable Bruce Fitch, Minister of Social Development; 193 - 2 - (i) The Honourable Tammy Scott-Wallace Minister of Tourism, Heritage and Culture; (j) The Honourable Jill Green, Minister of Transportation and Infrastructure; and (k) The Honourable Arlene Dunn, Minister of Aboriginal Affairs. Brenda L. Murphy Lieutenant-Governor This is to certify that the foregoing is a true copy of an Order of the Lieutenant-Governor in Council of the Je certifie que le document qui precede est une copie conforme d'un decret du lieutenant-gouverneur en conseil Province of New Brunswick, made on the 29 September 2020. de la province du Nouveau-Brunswick, pris le Secretary to Cabinet / Secretaire du Cabinet pate. Bon 7/@M\#",https://ijf-next-frontend-git-apt-ijf.vercel.app/appointments/d092e4ae0e71dfe4373c072e5f3f765d
Ernie Steeves,member of the Executive Council,Executive Council Office,,nb,2020-09-29,2020-09-29,,,,,False,OIC2020-192E,apt/nb/apt-nb-ce4c5f863a9677b1b990fff520168ed7-OIC2020-192E*2020-09-29*Executive_Council_Office-2025-01-27T18:22:47,"192 SEPTEMBER 29, 2020 2020-192 Under section 1 of the Executive Council Act, the Lieutenant Governor appoints the following persons as members of the Executive Council, effective September 29, 2020: (a) Blaine Higgs, a member of the Legislative Assembly for the electoral district of Ouispamsis; (b) Hugh John (Ted) Flemming, Q.C., a member of the Legislative Assembly for the electoral district of Rothesay; (c) Jill Green, a member of the Legislative Assembly for the electoral district of Fredericton North; (d) Margaret Johnson, a member of the Legislative Assembly for the electoral district of Carleton-Victoria; (e) Dorothy Shephard, a member of the Legislative Assembly for the electoral district of Saint John Lancaster; (f) Dominic Cardy, a member of the Legislative Assembly for the electoral district of Fredericton West-Hanwell; (g) Ernie Steeves, a member of the Legislative Assembly for the electoral district of Moncton Northwest; (h) Arlene Dunn, a member of the Legislative Assembly for the electoral district of Saint John Harbour; 192 - 2 (i) Daniel Allain, a member of the Legislative Assembly for the electoral district of Moncton East; (j) Gary Crossman, a member of the Legislative Assembly for the electoral district of Hampton; (k) Bruce Fitch, a member of the Legislative Assembly for the electoral district of Riverview; (1) Mary Wilson, a member of the Legislative Assembly for the electoral district of Oromocto-Lincoln-Fredericton; (m) Trevor Holder, a member of the Legislative Assembly for the electoral district of Portland-Simonds; (n) Tammy Scott-Wallace, a member of the Legislative Assembly for the electoral district of Sussex-Fundy-St. Martins; and (o) Glen Savoie, a member of the Legislative Assembly for the electoral district of Saint John East. 6.%%r, Brenda L. Murphy Lieutenant-Governor This is to certify that the foregoing is a true copy of an Order of the Lieutenant-Governor in Council of the Je certifie que le document qui precede est une copie conforme d'un decret du lieutenant-gouverneur en conseil Province of New Brunswick, made on the 29 September 2020. de la province du Nouveau-Brunswick, pris le Secretary to CaBbinet / Soencr etaire du Cabinet hate y?",https://ijf-next-frontend-git-apt-ijf.vercel.app/appointments/23eab05e6d35333ca6f77b4a1133195d
Gary Crossman,member of the Executive Council,Executive Council Office,,nb,2020-09-29,2020-09-29,,,,,False,OIC2020-192E,apt/nb/apt-nb-ce4c5f863a9677b1b990fff520168ed7-OIC2020-192E*2020-09-29*Executive_Council_Office-2025-01-27T18:22:47,"192 SEPTEMBER 29, 2020 2020-192 Under section 1 of the Executive Council Act, the Lieutenant Governor appoints the following persons as members of the Executive Council, effective September 29, 2020: (a) Blaine Higgs, a member of the Legislative Assembly for the electoral district of Ouispamsis; (b) Hugh John (Ted) Flemming, Q.C., a member of the Legislative Assembly for the electoral district of Rothesay; (c) Jill Green, a member of the Legislative Assembly for the electoral district of Fredericton North; (d) Margaret Johnson, a member of the Legislative Assembly for the electoral district of Carleton-Victoria; (e) Dorothy Shephard, a member of the Legislative Assembly for the electoral district of Saint John Lancaster; (f) Dominic Cardy, a member of the Legislative Assembly for the electoral district of Fredericton West-Hanwell; (g) Ernie Steeves, a member of the Legislative Assembly for the electoral district of Moncton Northwest; (h) Arlene Dunn, a member of the Legislative Assembly for the electoral district of Saint John Harbour; 192 - 2 (i) Daniel Allain, a member of the Legislative Assembly for the electoral district of Moncton East; (j) Gary Crossman, a member of the Legislative Assembly for the electoral district of Hampton; (k) Bruce Fitch, a member of the Legislative Assembly for the electoral district of Riverview; (1) Mary Wilson, a member of the Legislative Assembly for the electoral district of Oromocto-Lincoln-Fredericton; (m) Trevor Holder, a member of the Legislative Assembly for the electoral district of Portland-Simonds; (n) Tammy Scott-Wallace, a member of the Legislative Assembly for the electoral district of Sussex-Fundy-St. Martins; and (o) Glen Savoie, a member of the Legislative Assembly for the electoral district of Saint John East. 6.%%r, Brenda L. Murphy Lieutenant-Governor This is to certify that the foregoing is a true copy of an Order of the Lieutenant-Governor in Council of the Je certifie que le document qui precede est une copie conforme d'un decret du lieutenant-gouverneur en conseil Province of New Brunswick, made on the 29 September 2020. de la province du Nouveau-Brunswick, pris le Secretary to CaBbinet / Soencr etaire du Cabinet hate y?",https://ijf-next-frontend-git-apt-ijf.vercel.app/appointments/2a3f44830fdfee866588889dcd4607cf
Glen Savoie,member of the Executive Council,Executive Council Office,,nb,2020-09-29,2020-09-29,,,,,False,OIC2020-192E,apt/nb/apt-nb-ce4c5f863a9677b1b990fff520168ed7-OIC2020-192E*2020-09-29*Executive_Council_Office-2025-01-27T18:22:47,"192 SEPTEMBER 29, 2020 2020-192 Under section 1 of the Executive Council Act, the Lieutenant Governor appoints the following persons as members of the Executive Council, effective September 29, 2020: (a) Blaine Higgs, a member of the Legislative Assembly for the electoral district of Ouispamsis; (b) Hugh John (Ted) Flemming, Q.C., a member of the Legislative Assembly for the electoral district of Rothesay; (c) Jill Green, a member of the Legislative Assembly for the electoral district of Fredericton North; (d) Margaret Johnson, a member of the Legislative Assembly for the electoral district of Carleton-Victoria; (e) Dorothy Shephard, a member of the Legislative Assembly for the electoral district of Saint John Lancaster; (f) Dominic Cardy, a member of the Legislative Assembly for the electoral district of Fredericton West-Hanwell; (g) Ernie Steeves, a member of the Legislative Assembly for the electoral district of Moncton Northwest; (h) Arlene Dunn, a member of the Legislative Assembly for the electoral district of Saint John Harbour; 192 - 2 (i) Daniel Allain, a member of the Legislative Assembly for the electoral district of Moncton East; (j) Gary Crossman, a member of the Legislative Assembly for the electoral district of Hampton; (k) Bruce Fitch, a member of the Legislative Assembly for the electoral district of Riverview; (1) Mary Wilson, a member of the Legislative Assembly for the electoral district of Oromocto-Lincoln-Fredericton; (m) Trevor Holder, a member of the Legislative Assembly for the electoral district of Portland-Simonds; (n) Tammy Scott-Wallace, a member of the Legislative Assembly for the electoral district of Sussex-Fundy-St. Martins; and (o) Glen Savoie, a member of the Legislative Assembly for the electoral district of Saint John East. 6.%%r, Brenda L. Murphy Lieutenant-Governor This is to certify that the foregoing is a true copy of an Order of the Lieutenant-Governor in Council of the Je certifie que le document qui precede est une copie conforme d'un decret du lieutenant-gouverneur en conseil Province of New Brunswick, made on the 29 September 2020. de la province du Nouveau-Brunswick, pris le Secretary to CaBbinet / Soencr etaire du Cabinet hate y?",https://ijf-next-frontend-git-apt-ijf.vercel.app/appointments/1552b9205390069c20b3fc88c8c60f2f
Hugh John (Ted) Flemming,member of the Executive Council,Executive Council Office,,nb,2020-09-29,2020-09-29,,,,,False,OIC2020-192E,apt/nb/apt-nb-ce4c5f863a9677b1b990fff520168ed7-OIC2020-192E*2020-09-29*Executive_Council_Office-2025-01-27T18:22:47,"192 SEPTEMBER 29, 2020 2020-192 Under section 1 of the Executive Council Act, the Lieutenant Governor appoints the following persons as members of the Executive Council, effective September 29, 2020: (a) Blaine Higgs, a member of the Legislative Assembly for the electoral district of Ouispamsis; (b) Hugh John (Ted) Flemming, Q.C., a member of the Legislative Assembly for the electoral district of Rothesay; (c) Jill Green, a member of the Legislative Assembly for the electoral district of Fredericton North; (d) Margaret Johnson, a member of the Legislative Assembly for the electoral district of Carleton-Victoria; (e) Dorothy Shephard, a member of the Legislative Assembly for the electoral district of Saint John Lancaster; (f) Dominic Cardy, a member of the Legislative Assembly for the electoral district of Fredericton West-Hanwell; (g) Ernie Steeves, a member of the Legislative Assembly for the electoral district of Moncton Northwest; (h) Arlene Dunn, a member of the Legislative Assembly for the electoral district of Saint John Harbour; 192 - 2 (i) Daniel Allain, a member of the Legislative Assembly for the electoral district of Moncton East; (j) Gary Crossman, a member of the Legislative Assembly for the electoral district of Hampton; (k) Bruce Fitch, a member of the Legislative Assembly for the electoral district of Riverview; (1) Mary Wilson, a member of the Legislative Assembly for the electoral district of Oromocto-Lincoln-Fredericton; (m) Trevor Holder, a member of the Legislative Assembly for the electoral district of Portland-Simonds; (n) Tammy Scott-Wallace, a member of the Legislative Assembly for the electoral district of Sussex-Fundy-St. Martins; and (o) Glen Savoie, a member of the Legislative Assembly for the electoral district of Saint John East. 6.%%r, Brenda L. Murphy Lieutenant-Governor This is to certify that the foregoing is a true copy of an Order of the Lieutenant-Governor in Council of the Je certifie que le document qui precede est une copie conforme d'un decret du lieutenant-gouverneur en conseil Province of New Brunswick, made on the 29 September 2020. de la province du Nouveau-Brunswick, pris le Secretary to CaBbinet / Soencr etaire du Cabinet hate y?",https://ijf-next-frontend-git-apt-ijf.vercel.app/appointments/73f6ccd01125de75e01b7dd36ffb0e76
Jill Green,Minister of Transportation and Infrastructure,Executive Council Office,,nb,2020-09-29,2020-09-29,,,,,False,OIC2020-193E,apt/nb/apt-nb-fce0cddf5450ea17bb1176bf1d4d4008-OIC2020-193E*2020-09-29*Executive_Council_Office-2025-01-27T18:22:47,"193 SEPTEMBRE 29, 2020 2020-193 Under section 2 of the Executive Council Act, the Lieutenant Governor appoints under the Great Seal of the Province, from among the members of the Executive Council, the following Ministers who shall hold office during pleasure, effective September 29, 2020: (a) The Honourable Blaine Higgs, Premier and President of the Executive Council; (b) The Honourable Margaret Johnson, Minister of Agriculture, Aquaculture and Fisheries; (c) The Honourable Dominic Cardy, Minister of Education and Early Childhood Development; (d) The Honourable Ernie Steeves, Minister of Finance and Treasury Board; (e) The Honourable Dorothy Shephard, Minister of Health; (f) The Honourable Trevor Holder, Minister of Post-Secondary Education, Training and Labour; (g) The Honourable Mary Wilson, Minister of Service New Brunswick; (h) The Honourable Bruce Fitch, Minister of Social Development; 193 - 2 - (i) The Honourable Tammy Scott-Wallace Minister of Tourism, Heritage and Culture; (j) The Honourable Jill Green, Minister of Transportation and Infrastructure; and (k) The Honourable Arlene Dunn, Minister of Aboriginal Affairs. Brenda L. Murphy Lieutenant-Governor This is to certify that the foregoing is a true copy of an Order of the Lieutenant-Governor in Council of the Je certifie que le document qui precede est une copie conforme d'un decret du lieutenant-gouverneur en conseil Province of New Brunswick, made on the 29 September 2020. de la province du Nouveau-Brunswick, pris le Secretary to Cabinet / Secretaire du Cabinet pate. Bon 7/@M\#",https://ijf-next-frontend-git-apt-ijf.vercel.app/appointments/9d30a974612feee8d524d77d48bee328
Jill Green,member of the Executive Council,Executive Council Office,,nb,2020-09-29,2020-09-29,,,,,False,OIC2020-192E,apt/nb/apt-nb-ce4c5f863a9677b1b990fff520168ed7-OIC2020-192E*2020-09-29*Executive_Council_Office-2025-01-27T18:22:47,"192 SEPTEMBER 29, 2020 2020-192 Under section 1 of the Executive Council Act, the Lieutenant Governor appoints the following persons as members of the Executive Council, effective September 29, 2020: (a) Blaine Higgs, a member of the Legislative Assembly for the electoral district of Ouispamsis; (b) Hugh John (Ted) Flemming, Q.C., a member of the Legislative Assembly for the electoral district of Rothesay; (c) Jill Green, a member of the Legislative Assembly for the electoral district of Fredericton North; (d) Margaret Johnson, a member of the Legislative Assembly for the electoral district of Carleton-Victoria; (e) Dorothy Shephard, a member of the Legislative Assembly for the electoral district of Saint John Lancaster; (f) Dominic Cardy, a member of the Legislative Assembly for the electoral district of Fredericton West-Hanwell; (g) Ernie Steeves, a member of the Legislative Assembly for the electoral district of Moncton Northwest; (h) Arlene Dunn, a member of the Legislative Assembly for the electoral district of Saint John Harbour; 192 - 2 (i) Daniel Allain, a member of the Legislative Assembly for the electoral district of Moncton East; (j) Gary Crossman, a member of the Legislative Assembly for the electoral district of Hampton; (k) Bruce Fitch, a member of the Legislative Assembly for the electoral district of Riverview; (1) Mary Wilson, a member of the Legislative Assembly for the electoral district of Oromocto-Lincoln-Fredericton; (m) Trevor Holder, a member of the Legislative Assembly for the electoral district of Portland-Simonds; (n) Tammy Scott-Wallace, a member of the Legislative Assembly for the electoral district of Sussex-Fundy-St. Martins; and (o) Glen Savoie, a member of the Legislative Assembly for the electoral district of Saint John East. 6.%%r, Brenda L. Murphy Lieutenant-Governor This is to certify that the foregoing is a true copy of an Order of the Lieutenant-Governor in Council of the Je certifie que le document qui precede est une copie conforme d'un decret du lieutenant-gouverneur en conseil Province of New Brunswick, made on the 29 September 2020. de la province du Nouveau-Brunswick, pris le Secretary to CaBbinet / Soencr etaire du Cabinet hate y?",https://ijf-next-frontend-git-apt-ijf.vercel.app/appointments/3a6709803e70df80557e732a265eec8f
Margaret Johnson,"Minister of Agriculture, Aquaculture and Fisheries",Executive Council Office,,nb,2020-09-29,2020-09-29,,,,,False,OIC2020-193E,apt/nb/apt-nb-fce0cddf5450ea17bb1176bf1d4d4008-OIC2020-193E*2020-09-29*Executive_Council_Office-2025-01-27T18:22:47,"193 SEPTEMBRE 29, 2020 2020-193 Under section 2 of the Executive Council Act, the Lieutenant Governor appoints under the Great Seal of the Province, from among the members of the Executive Council, the following Ministers who shall hold office during pleasure, effective September 29, 2020: (a) The Honourable Blaine Higgs, Premier and President of the Executive Council; (b) The Honourable Margaret Johnson, Minister of Agriculture, Aquaculture and Fisheries; (c) The Honourable Dominic Cardy, Minister of Education and Early Childhood Development; (d) The Honourable Ernie Steeves, Minister of Finance and Treasury Board; (e) The Honourable Dorothy Shephard, Minister of Health; (f) The Honourable Trevor Holder, Minister of Post-Secondary Education, Training and Labour; (g) The Honourable Mary Wilson, Minister of Service New Brunswick; (h) The Honourable Bruce Fitch, Minister of Social Development; 193 - 2 - (i) The Honourable Tammy Scott-Wallace Minister of Tourism, Heritage and Culture; (j) The Honourable Jill Green, Minister of Transportation and Infrastructure; and (k) The Honourable Arlene Dunn, Minister of Aboriginal Affairs. Brenda L. Murphy Lieutenant-Governor This is to certify that the foregoing is a true copy of an Order of the Lieutenant-Governor in Council of the Je certifie que le document qui precede est une copie conforme d'un decret du lieutenant-gouverneur en conseil Province of New Brunswick, made on the 29 September 2020. de la province du Nouveau-Brunswick, pris le Secretary to Cabinet / Secretaire du Cabinet pate. Bon 7/@M\#",https://ijf-next-frontend-git-apt-ijf.vercel.app/appointments/fce9d79eaf984890579f0b09a3c6ce5b
Margaret Johnson,member of the Executive Council,Executive Council Office,,nb,2020-09-29,2020-09-29,,,,,False,OIC2020-192E,apt/nb/apt-nb-ce4c5f863a9677b1b990fff520168ed7-OIC2020-192E*2020-09-29*Executive_Council_Office-2025-01-27T18:22:47,"192 SEPTEMBER 29, 2020 2020-192 Under section 1 of the Executive Council Act, the Lieutenant Governor appoints the following persons as members of the Executive Council, effective September 29, 2020: (a) Blaine Higgs, a member of the Legislative Assembly for the electoral district of Ouispamsis; (b) Hugh John (Ted) Flemming, Q.C., a member of the Legislative Assembly for the electoral district of Rothesay; (c) Jill Green, a member of the Legislative Assembly for the electoral district of Fredericton North; (d) Margaret Johnson, a member of the Legislative Assembly for the electoral district of Carleton-Victoria; (e) Dorothy Shephard, a member of the Legislative Assembly for the electoral district of Saint John Lancaster; (f) Dominic Cardy, a member of the Legislative Assembly for the electoral district of Fredericton West-Hanwell; (g) Ernie Steeves, a member of the Legislative Assembly for the electoral district of Moncton Northwest; (h) Arlene Dunn, a member of the Legislative Assembly for the electoral district of Saint John Harbour; 192 - 2 (i) Daniel Allain, a member of the Legislative Assembly for the electoral district of Moncton East; (j) Gary Crossman, a member of the Legislative Assembly for the electoral district of Hampton; (k) Bruce Fitch, a member of the Legislative Assembly for the electoral district of Riverview; (1) Mary Wilson, a member of the Legislative Assembly for the electoral district of Oromocto-Lincoln-Fredericton; (m) Trevor Holder, a member of the Legislative Assembly for the electoral district of Portland-Simonds; (n) Tammy Scott-Wallace, a member of the Legislative Assembly for the electoral district of Sussex-Fundy-St. Martins; and (o) Glen Savoie, a member of the Legislative Assembly for the electoral district of Saint John East. 6.%%r, Brenda L. Murphy Lieutenant-Governor This is to certify that the foregoing is a true copy of an Order of the Lieutenant-Governor in Council of the Je certifie que le document qui precede est une copie conforme d'un decret du lieutenant-gouverneur en conseil Province of New Brunswick, made on the 29 September 2020. de la province du Nouveau-Brunswick, pris le Secretary to CaBbinet / Soencr etaire du Cabinet hate y?",https://ijf-next-frontend-git-apt-ijf.vercel.app/appointments/3f61fe584a9e898d010ae887251564c0
Mary Wilson,Minister of Service New Brunswick,Executive Council Office,,nb,2020-09-29,2020-09-29,,,,,False,OIC2020-193E,apt/nb/apt-nb-fce0cddf5450ea17bb1176bf1d4d4008-OIC2020-193E*2020-09-29*Executive_Council_Office-2025-01-27T18:22:47,"193 SEPTEMBRE 29, 2020 2020-193 Under section 2 of the Executive Council Act, the Lieutenant Governor appoints under the Great Seal of the Province, from among the members of the Executive Council, the following Ministers who shall hold office during pleasure, effective September 29, 2020: (a) The Honourable Blaine Higgs, Premier and President of the Executive Council; (b) The Honourable Margaret Johnson, Minister of Agriculture, Aquaculture and Fisheries; (c) The Honourable Dominic Cardy, Minister of Education and Early Childhood Development; (d) The Honourable Ernie Steeves, Minister of Finance and Treasury Board; (e) The Honourable Dorothy Shephard, Minister of Health; (f) The Honourable Trevor Holder, Minister of Post-Secondary Education, Training and Labour; (g) The Honourable Mary Wilson, Minister of Service New Brunswick; (h) The Honourable Bruce Fitch, Minister of Social Development; 193 - 2 - (i) The Honourable Tammy Scott-Wallace Minister of Tourism, Heritage and Culture; (j) The Honourable Jill Green, Minister of Transportation and Infrastructure; and (k) The Honourable Arlene Dunn, Minister of Aboriginal Affairs. Brenda L. Murphy Lieutenant-Governor This is to certify that the foregoing is a true copy of an Order of the Lieutenant-Governor in Council of the Je certifie que le document qui precede est une copie conforme d'un decret du lieutenant-gouverneur en conseil Province of New Brunswick, made on the 29 September 2020. de la province du Nouveau-Brunswick, pris le Secretary to Cabinet / Secretaire du Cabinet pate. Bon 7/@M\#",https://ijf-next-frontend-git-apt-ijf.vercel.app/appointments/ef1d05675877cb34195a50bc1f8cc3be
Mary Wilson,member of the Executive Council,Executive Council Office,,nb,2020-09-29,2020-09-29,,,,,False,OIC2020-192E,apt/nb/apt-nb-ce4c5f863a9677b1b990fff520168ed7-OIC2020-192E*2020-09-29*Executive_Council_Office-2025-01-27T18:22:47,"192 SEPTEMBER 29, 2020 2020-192 Under section 1 of the Executive Council Act, the Lieutenant Governor appoints the following persons as members of the Executive Council, effective September 29, 2020: (a) Blaine Higgs, a member of the Legislative Assembly for the electoral district of Ouispamsis; (b) Hugh John (Ted) Flemming, Q.C., a member of the Legislative Assembly for the electoral district of Rothesay; (c) Jill Green, a member of the Legislative Assembly for the electoral district of Fredericton North; (d) Margaret Johnson, a member of the Legislative Assembly for the electoral district of Carleton-Victoria; (e) Dorothy Shephard, a member of the Legislative Assembly for the electoral district of Saint John Lancaster; (f) Dominic Cardy, a member of the Legislative Assembly for the electoral district of Fredericton West-Hanwell; (g) Ernie Steeves, a member of the Legislative Assembly for the electoral district of Moncton Northwest; (h) Arlene Dunn, a member of the Legislative Assembly for the electoral district of Saint John Harbour; 192 - 2 (i) Daniel Allain, a member of the Legislative Assembly for the electoral district of Moncton East; (j) Gary Crossman, a member of the Legislative Assembly for the electoral district of Hampton; (k) Bruce Fitch, a member of the Legislative Assembly for the electoral district of Riverview; (1) Mary Wilson, a member of the Legislative Assembly for the electoral district of Oromocto-Lincoln-Fredericton; (m) Trevor Holder, a member of the Legislative Assembly for the electoral district of Portland-Simonds; (n) Tammy Scott-Wallace, a member of the Legislative Assembly for the electoral district of Sussex-Fundy-St. Martins; and (o) Glen Savoie, a member of the Legislative Assembly for the electoral district of Saint John East. 6.%%r, Brenda L. Murphy Lieutenant-Governor This is to certify that the foregoing is a true copy of an Order of the Lieutenant-Governor in Council of the Je certifie que le document qui precede est une copie conforme d'un decret du lieutenant-gouverneur en conseil Province of New Brunswick, made on the 29 September 2020. de la province du Nouveau-Brunswick, pris le Secretary to CaBbinet / Soencr etaire du Cabinet hate y?",https://ijf-next-frontend-git-apt-ijf.vercel.app/appointments/4ffb471321a7aaa1d3fea7ec37ae9cfc
Tammy Scott-Wallace,"Minister of Tourism, Heritage and Culture",Executive Council Office,,nb,2020-09-29,2020-09-29,,,,,False,OIC2020-193E,apt/nb/apt-nb-fce0cddf5450ea17bb1176bf1d4d4008-OIC2020-193E*2020-09-29*Executive_Council_Office-2025-01-27T18:22:47,"193 SEPTEMBRE 29, 2020 2020-193 Under section 2 of the Executive Council Act, the Lieutenant Governor appoints under the Great Seal of the Province, from among the members of the Executive Council, the following Ministers who shall hold office during pleasure, effective September 29, 2020: (a) The Honourable Blaine Higgs, Premier and President of the Executive Council; (b) The Honourable Margaret Johnson, Minister of Agriculture, Aquaculture and Fisheries; (c) The Honourable Dominic Cardy, Minister of Education and Early Childhood Development; (d) The Honourable Ernie Steeves, Minister of Finance and Treasury Board; (e) The Honourable Dorothy Shephard, Minister of Health; (f) The Honourable Trevor Holder, Minister of Post-Secondary Education, Training and Labour; (g) The Honourable Mary Wilson, Minister of Service New Brunswick; (h) The Honourable Bruce Fitch, Minister of Social Development; 193 - 2 - (i) The Honourable Tammy Scott-Wallace Minister of Tourism, Heritage and Culture; (j) The Honourable Jill Green, Minister of Transportation and Infrastructure; and (k) The Honourable Arlene Dunn, Minister of Aboriginal Affairs. Brenda L. Murphy Lieutenant-Governor This is to certify that the foregoing is a true copy of an Order of the Lieutenant-Governor in Council of the Je certifie que le document qui precede est une copie conforme d'un decret du lieutenant-gouverneur en conseil Province of New Brunswick, made on the 29 September 2020. de la province du Nouveau-Brunswick, pris le Secretary to Cabinet / Secretaire du Cabinet pate. Bon 7/@M\#",https://ijf-next-frontend-git-apt-ijf.vercel.app/appointments/01a9a49c8602c74a3ad361c4b16e2673
Tammy Scott-Wallace,member of the Executive Council,Executive Council Office,,nb,2020-09-29,2020-09-29,,,,,False,OIC2020-192E,apt/nb/apt-nb-ce4c5f863a9677b1b990fff520168ed7-OIC2020-192E*2020-09-29*Executive_Council_Office-2025-01-27T18:22:47,"192 SEPTEMBER 29, 2020 2020-192 Under section 1 of the Executive Council Act, the Lieutenant Governor appoints the following persons as members of the Executive Council, effective September 29, 2020: (a) Blaine Higgs, a member of the Legislative Assembly for the electoral district of Ouispamsis; (b) Hugh John (Ted) Flemming, Q.C., a member of the Legislative Assembly for the electoral district of Rothesay; (c) Jill Green, a member of the Legislative Assembly for the electoral district of Fredericton North; (d) Margaret Johnson, a member of the Legislative Assembly for the electoral district of Carleton-Victoria; (e) Dorothy Shephard, a member of the Legislative Assembly for the electoral district of Saint John Lancaster; (f) Dominic Cardy, a member of the Legislative Assembly for the electoral district of Fredericton West-Hanwell; (g) Ernie Steeves, a member of the Legislative Assembly for the electoral district of Moncton Northwest; (h) Arlene Dunn, a member of the Legislative Assembly for the electoral district of Saint John Harbour; 192 - 2 (i) Daniel Allain, a member of the Legislative Assembly for the electoral district of Moncton East; (j) Gary Crossman, a member of the Legislative Assembly for the electoral district of Hampton; (k) Bruce Fitch, a member of the Legislative Assembly for the electoral district of Riverview; (1) Mary Wilson, a member of the Legislative Assembly for the electoral district of Oromocto-Lincoln-Fredericton; (m) Trevor Holder, a member of the Legislative Assembly for the electoral district of Portland-Simonds; (n) Tammy Scott-Wallace, a member of the Legislative Assembly for the electoral district of Sussex-Fundy-St. Martins; and (o) Glen Savoie, a member of the Legislative Assembly for the electoral district of Saint John East. 6.%%r, Brenda L. Murphy Lieutenant-Governor This is to certify that the foregoing is a true copy of an Order of the Lieutenant-Governor in Council of the Je certifie que le document qui precede est une copie conforme d'un decret du lieutenant-gouverneur en conseil Province of New Brunswick, made on the 29 September 2020. de la province du Nouveau-Brunswick, pris le Secretary to CaBbinet / Soencr etaire du Cabinet hate y?",https://ijf-next-frontend-git-apt-ijf.vercel.app/appointments/9823ff0fe0db8e217076a4c8cca42af3
Trevor Holder,"Minister of Post-Secondary Education, Training and Labour",Executive Council Office,,nb,2020-09-29,2020-09-29,,,,,False,OIC2020-193E,apt/nb/apt-nb-fce0cddf5450ea17bb1176bf1d4d4008-OIC2020-193E*2020-09-29*Executive_Council_Office-2025-01-27T18:22:47,"193 SEPTEMBRE 29, 2020 2020-193 Under section 2 of the Executive Council Act, the Lieutenant Governor appoints under the Great Seal of the Province, from among the members of the Executive Council, the following Ministers who shall hold office during pleasure, effective September 29, 2020: (a) The Honourable Blaine Higgs, Premier and President of the Executive Council; (b) The Honourable Margaret Johnson, Minister of Agriculture, Aquaculture and Fisheries; (c) The Honourable Dominic Cardy, Minister of Education and Early Childhood Development; (d) The Honourable Ernie Steeves, Minister of Finance and Treasury Board; (e) The Honourable Dorothy Shephard, Minister of Health; (f) The Honourable Trevor Holder, Minister of Post-Secondary Education, Training and Labour; (g) The Honourable Mary Wilson, Minister of Service New Brunswick; (h) The Honourable Bruce Fitch, Minister of Social Development; 193 - 2 - (i) The Honourable Tammy Scott-Wallace Minister of Tourism, Heritage and Culture; (j) The Honourable Jill Green, Minister of Transportation and Infrastructure; and (k) The Honourable Arlene Dunn, Minister of Aboriginal Affairs. Brenda L. Murphy Lieutenant-Governor This is to certify that the foregoing is a true copy of an Order of the Lieutenant-Governor in Council of the Je certifie que le document qui precede est une copie conforme d'un decret du lieutenant-gouverneur en conseil Province of New Brunswick, made on the 29 September 2020. de la province du Nouveau-Brunswick, pris le Secretary to Cabinet / Secretaire du Cabinet pate. Bon 7/@M\#",https://ijf-next-frontend-git-apt-ijf.vercel.app/appointments/b8f5d91287e877ca5682bed4cf78c998
Trevor Holder,member of the Executive Council,Executive Council Office,,nb,2020-09-29,2020-09-29,,,,,False,OIC2020-192E,apt/nb/apt-nb-ce4c5f863a9677b1b990fff520168ed7-OIC2020-192E*2020-09-29*Executive_Council_Office-2025-01-27T18:22:47,"192 SEPTEMBER 29, 2020 2020-192 Under section 1 of the Executive Council Act, the Lieutenant Governor appoints the following persons as members of the Executive Council, effective September 29, 2020: (a) Blaine Higgs, a member of the Legislative Assembly for the electoral district of Ouispamsis; (b) Hugh John (Ted) Flemming, Q.C., a member of the Legislative Assembly for the electoral district of Rothesay; (c) Jill Green, a member of the Legislative Assembly for the electoral district of Fredericton North; (d) Margaret Johnson, a member of the Legislative Assembly for the electoral district of Carleton-Victoria; (e) Dorothy Shephard, a member of the Legislative Assembly for the electoral district of Saint John Lancaster; (f) Dominic Cardy, a member of the Legislative Assembly for the electoral district of Fredericton West-Hanwell; (g) Ernie Steeves, a member of the Legislative Assembly for the electoral district of Moncton Northwest; (h) Arlene Dunn, a member of the Legislative Assembly for the electoral district of Saint John Harbour; 192 - 2 (i) Daniel Allain, a member of the Legislative Assembly for the electoral district of Moncton East; (j) Gary Crossman, a member of the Legislative Assembly for the electoral district of Hampton; (k) Bruce Fitch, a member of the Legislative Assembly for the electoral district of Riverview; (1) Mary Wilson, a member of the Legislative Assembly for the electoral district of Oromocto-Lincoln-Fredericton; (m) Trevor Holder, a member of the Legislative Assembly for the electoral district of Portland-Simonds; (n) Tammy Scott-Wallace, a member of the Legislative Assembly for the electoral district of Sussex-Fundy-St. Martins; and (o) Glen Savoie, a member of the Legislative Assembly for the electoral district of Saint John East. 6.%%r, Brenda L. Murphy Lieutenant-Governor This is to certify that the foregoing is a true copy of an Order of the Lieutenant-Governor in Council of the Je certifie que le document qui precede est une copie conforme d'un decret du lieutenant-gouverneur en conseil Province of New Brunswick, made on the 29 September 2020. de la province du Nouveau-Brunswick, pris le Secretary to CaBbinet / Soencr etaire du Cabinet hate y?",https://ijf-next-frontend-git-apt-ijf.vercel.app/appointments/341edb76f14a56a6bf25bb828d08e1e1
Cade Libby,Deputy Minister of Environment and Climate Change,Executive Council Office,,nb,2020-10-01,2020-10-01,,,,,False,OIC2020-200E,apt/nb/apt-nb-eb1c0d9513baa7a6d963ca4cbf9008ff-OIC2020-200E*2020-10-01*Executive_Council_Office-2025-01-27T18:22:47,"200 OCTOBER 1, 2020 2020-200 1. Under section 3 of the Civil Service Act and subsection 3(1) of the Executive Council Act, the Lieutenant-Governor in Council appoints Mike Comeau as Deputy Minister of Justice and Public Safety and Deputy Attorney General, effective October 1, 2020, in place of John Logan. 2. Under section 3 of the Civil Service Act and subsection 3(1) of the Executive Council Act, the Lieutenant-Governor in Council appoints Cade Libby as Deputy Minister of Environment and Climate Change, effective October 1, 2020. 3. Under subsection 3(1) of the Executive Council Act and section 27 of the Interpretation Act, the Lieutenant-Governor in Council appoints Ryan Donaghy as Acting Deputy Minister of Local Government and Local Governance Reform, effective October 1, 2020. 4. Under section 3 of the Civil Service Act, the Lieutenant-Governor in Council appoints Sadie Perron as Deputy Minister of Aboriginal Affairs, effective October 1, 2020, in place of Cade Libby. 5. Under section 3 of the Civil Service Act and sections 26 and 27 of the Interpretation Act, the Lieutenant-Governor in Council amends section 2 of Order in Council 2020-35 dated February 13, 2020 by removing the word ""Acting"" where it appears therein. 200 -2 - 6. Under section 3 of the Civil Service Act and sections 26 and 27 of the Interpretation Act, the Lieutenant-Governor in Council amends section 7 of Order in Council 2019-224 dated November 7, 2019 by removing the word ""Acting"" where it appears therein. 7. Under section 3 of the Civil Service Act and section 27 of the Interpretation Act, the Lieutenant-Governor in Council revokes Order in Council 2020-109 dated May 26, 2020. ±d82 Lieutenant-Governor This is to certify that the foregoing is a true copy of an Order of the Lieutenant-Governor in Council of the Je certifie que le document qui precede est une copie conforme d'un decret du lieutenant-gouverneur en conseil Province of New Brunswick, made on the de la province du Nouveau-Brunswick, pris le October 1, 2020. Secretary to Cabinet / Secretaire du Cabinet bf» 0[849y- /etc.a",https://ijf-next-frontend-git-apt-ijf.vercel.app/appointments/99f0c5acef64ea393f7f3213e7948340
Mike Comeau,Deputy Minister of Justice and Public Safety and Deputy Attorney General,Executive Council Office,,nb,2020-10-01,2020-10-01,,,,,False,OIC2020-200E,apt/nb/apt-nb-eb1c0d9513baa7a6d963ca4cbf9008ff-OIC2020-200E*2020-10-01*Executive_Council_Office-2025-01-27T18:22:47,"200 OCTOBER 1, 2020 2020-200 1. Under section 3 of the Civil Service Act and subsection 3(1) of the Executive Council Act, the Lieutenant-Governor in Council appoints Mike Comeau as Deputy Minister of Justice and Public Safety and Deputy Attorney General, effective October 1, 2020, in place of John Logan. 2. Under section 3 of the Civil Service Act and subsection 3(1) of the Executive Council Act, the Lieutenant-Governor in Council appoints Cade Libby as Deputy Minister of Environment and Climate Change, effective October 1, 2020. 3. Under subsection 3(1) of the Executive Council Act and section 27 of the Interpretation Act, the Lieutenant-Governor in Council appoints Ryan Donaghy as Acting Deputy Minister of Local Government and Local Governance Reform, effective October 1, 2020. 4. Under section 3 of the Civil Service Act, the Lieutenant-Governor in Council appoints Sadie Perron as Deputy Minister of Aboriginal Affairs, effective October 1, 2020, in place of Cade Libby. 5. Under section 3 of the Civil Service Act and sections 26 and 27 of the Interpretation Act, the Lieutenant-Governor in Council amends section 2 of Order in Council 2020-35 dated February 13, 2020 by removing the word ""Acting"" where it appears therein. 200 -2 - 6. Under section 3 of the Civil Service Act and sections 26 and 27 of the Interpretation Act, the Lieutenant-Governor in Council amends section 7 of Order in Council 2019-224 dated November 7, 2019 by removing the word ""Acting"" where it appears therein. 7. Under section 3 of the Civil Service Act and section 27 of the Interpretation Act, the Lieutenant-Governor in Council revokes Order in Council 2020-109 dated May 26, 2020. ±d82 Lieutenant-Governor This is to certify that the foregoing is a true copy of an Order of the Lieutenant-Governor in Council of the Je certifie que le document qui precede est une copie conforme d'un decret du lieutenant-gouverneur en conseil Province of New Brunswick, made on the de la province du Nouveau-Brunswick, pris le October 1, 2020. Secretary to Cabinet / Secretaire du Cabinet bf» 0[849y- /etc.a",https://ijf-next-frontend-git-apt-ijf.vercel.app/appointments/120f412d061f647ef5f5a76f39865d8d
Ryan Donaghy,Acting Deputy Minister of Local Government and Local Governance Reform,Executive Council Office,,nb,2020-10-01,2020-10-01,,,,,False,OIC2020-200E,apt/nb/apt-nb-eb1c0d9513baa7a6d963ca4cbf9008ff-OIC2020-200E*2020-10-01*Executive_Council_Office-2025-01-27T18:22:47,"200 OCTOBER 1, 2020 2020-200 1. Under section 3 of the Civil Service Act and subsection 3(1) of the Executive Council Act, the Lieutenant-Governor in Council appoints Mike Comeau as Deputy Minister of Justice and Public Safety and Deputy Attorney General, effective October 1, 2020, in place of John Logan. 2. Under section 3 of the Civil Service Act and subsection 3(1) of the Executive Council Act, the Lieutenant-Governor in Council appoints Cade Libby as Deputy Minister of Environment and Climate Change, effective October 1, 2020. 3. Under subsection 3(1) of the Executive Council Act and section 27 of the Interpretation Act, the Lieutenant-Governor in Council appoints Ryan Donaghy as Acting Deputy Minister of Local Government and Local Governance Reform, effective October 1, 2020. 4. Under section 3 of the Civil Service Act, the Lieutenant-Governor in Council appoints Sadie Perron as Deputy Minister of Aboriginal Affairs, effective October 1, 2020, in place of Cade Libby. 5. Under section 3 of the Civil Service Act and sections 26 and 27 of the Interpretation Act, the Lieutenant-Governor in Council amends section 2 of Order in Council 2020-35 dated February 13, 2020 by removing the word ""Acting"" where it appears therein. 200 -2 - 6. Under section 3 of the Civil Service Act and sections 26 and 27 of the Interpretation Act, the Lieutenant-Governor in Council amends section 7 of Order in Council 2019-224 dated November 7, 2019 by removing the word ""Acting"" where it appears therein. 7. Under section 3 of the Civil Service Act and section 27 of the Interpretation Act, the Lieutenant-Governor in Council revokes Order in Council 2020-109 dated May 26, 2020. ±d82 Lieutenant-Governor This is to certify that the foregoing is a true copy of an Order of the Lieutenant-Governor in Council of the Je certifie que le document qui precede est une copie conforme d'un decret du lieutenant-gouverneur en conseil Province of New Brunswick, made on the de la province du Nouveau-Brunswick, pris le October 1, 2020. Secretary to Cabinet / Secretaire du Cabinet bf» 0[849y- /etc.a",https://ijf-next-frontend-git-apt-ijf.vercel.app/appointments/527930a94a6e8350c0375800719b54f1
Sadie Perron,Deputy Minister of Aboriginal Affairs,Executive Council Office,,nb,2020-10-01,2020-10-01,,,,,False,OIC2020-200E,apt/nb/apt-nb-eb1c0d9513baa7a6d963ca4cbf9008ff-OIC2020-200E*2020-10-01*Executive_Council_Office-2025-01-27T18:22:47,"200 OCTOBER 1, 2020 2020-200 1. Under section 3 of the Civil Service Act and subsection 3(1) of the Executive Council Act, the Lieutenant-Governor in Council appoints Mike Comeau as Deputy Minister of Justice and Public Safety and Deputy Attorney General, effective October 1, 2020, in place of John Logan. 2. Under section 3 of the Civil Service Act and subsection 3(1) of the Executive Council Act, the Lieutenant-Governor in Council appoints Cade Libby as Deputy Minister of Environment and Climate Change, effective October 1, 2020. 3. Under subsection 3(1) of the Executive Council Act and section 27 of the Interpretation Act, the Lieutenant-Governor in Council appoints Ryan Donaghy as Acting Deputy Minister of Local Government and Local Governance Reform, effective October 1, 2020. 4. Under section 3 of the Civil Service Act, the Lieutenant-Governor in Council appoints Sadie Perron as Deputy Minister of Aboriginal Affairs, effective October 1, 2020, in place of Cade Libby. 5. Under section 3 of the Civil Service Act and sections 26 and 27 of the Interpretation Act, the Lieutenant-Governor in Council amends section 2 of Order in Council 2020-35 dated February 13, 2020 by removing the word ""Acting"" where it appears therein. 200 -2 - 6. Under section 3 of the Civil Service Act and sections 26 and 27 of the Interpretation Act, the Lieutenant-Governor in Council amends section 7 of Order in Council 2019-224 dated November 7, 2019 by removing the word ""Acting"" where it appears therein. 7. Under section 3 of the Civil Service Act and section 27 of the Interpretation Act, the Lieutenant-Governor in Council revokes Order in Council 2020-109 dated May 26, 2020. ±d82 Lieutenant-Governor This is to certify that the foregoing is a true copy of an Order of the Lieutenant-Governor in Council of the Je certifie que le document qui precede est une copie conforme d'un decret du lieutenant-gouverneur en conseil Province of New Brunswick, made on the de la province du Nouveau-Brunswick, pris le October 1, 2020. Secretary to Cabinet / Secretaire du Cabinet bf» 0[849y- /etc.a",https://ijf-next-frontend-git-apt-ijf.vercel.app/appointments/9757be32cdeac6575278c31c93fe6074
Mike Holland,member of the Executive Council,Executive Council Office,,nb,2020-10-07,2020-10-07,,,,,False,OIC2020-203E,apt/nb/apt-nb-1fb26c122df5a87e39df27ac6c1e175e-OIC2020-203E*2020-10-07*Executive_Council_Office-2025-01-27T18:22:47,"203 OCTOBER 7, 2020 2020-203 Under section 1 of the Executive Council Act, the Lieutenant Governor appoints Mike Holland, a member of the Legislative Assembly for the electoral district of Albert, as a member of the Executive Council, effective October 7, 2020. Brenda L. Murphy Lieutenant-Governor This is to certify that the foregoing is a true copy of an Order of the Lieutenant-Governor in Council of the Je certifie que le document qui precede est une copie conforme d'un decret du lieutenant-gouverneur en conseil Province of New Brunswick, made on the October 7, 2020. de la province du Nouveau-Brunswick, pris le Secretary to Cabinet / Secretaire du Cabinet r'tu.la [co-)l{oyy)",https://ijf-next-frontend-git-apt-ijf.vercel.app/appointments/062ec83e49e5c63920a474452d4ffd64
Mike Holland,Minister of Natural Resources and Energy Development,Executive Council Office,,nb,2020-10-07,2020-10-07,,,,,False,OIC2020-204E,apt/nb/apt-nb-138e21c46723d6dc4809a98db691ae95-OIC2020-204E*2020-10-07*Executive_Council_Office-2025-01-27T18:22:47,"204 OCTOBER 7, 2020 2020-204 Under section 2 of the Executive Council Act, the Lieutenant Governor appoints under the Great Seal of the Province, the Honourable Mike Holland, Member of the Executive Council, as Minister of Natural Resources and Energy Development, effective October 7, 2020. 's.cl-r, Brenda L. Murphy Lieutenant-Governor This is to certify that the foregoing is a true copy of an Order of the Lieutenant-Governor in Council of the Je certifie que le document qui precede est une copie conforme d'un decret du lieutenant-gouverneur en conseil Province of New Brunswick, made on the October 7, 2020. de la province du Nouveau-Brunswick, pris le Secretary to Cabuinemt / Snecr-e)ta)irey du Crabin et ct cc",https://ijf-next-frontend-git-apt-ijf.vercel.app/appointments/c8be29279df5729780c97e23422b963a
Dominic Cardy,Vice-Chair,Executive Council Office,,nb,2020-10-08,2020-10-08,,,,,False,OIC2020-205E,apt/nb/apt-nb-0764f99da52dc366a3efa393a7bb7264-OIC2020-205E*2020-10-08*Executive_Council_Office-2025-01-27T18:22:47,"205 OCTOBER 8, 2020 2020-205 1. Under subsection 3(1) of the Financial Administration Act, the Lieutenant-Governor in Council appoints the following persons as members of the Treasury Board, effective October 8, 2020: (a) Honourable Ernie Steeves, Chair; (b) Honourable Dominic Cardy, Vice-Chair; (c) Honourable Dorothy Shephard; (d) Honourable Gary Crossman; (e) Honourable Mary Wilson; (f) Honourable Hugh John Flemming, O.C.; (g) Honourable Bruce Fitch; and (h) Honourable Tammy Scott-Wallace. 2. Under subsection 3(1) of the Financial Administration Act and section 26 of the Interpretation Act, the Lieutenant-Governor in Council revokes Order in Council 2018-359 dated November 15, 2018 and Order in Council 2020-43 dated February 24, 2020. .0ry Brenda L. Murphy Lieutenant-Governor This is to certify that the foregoing is a true copy of an Order of the Lieutenant-Governor in Council of the Je certifie que le document qui precede est une copie conforme d'un decret du lieutenant-gouverneur en conseil Province of New Brunswick, made on the de la province du Nouveau-Brunswick, pris le 8 October 2020. Secretary to Cabinet / Secretaire du Cabinet /tac T199,- &co",https://ijf-next-frontend-git-apt-ijf.vercel.app/appointments/b7eb3bca59f0650773289098452754da
Ernie Steeves,Chair,Executive Council Office,,nb,2020-10-08,2020-10-08,,,,,False,OIC2020-205E,apt/nb/apt-nb-0764f99da52dc366a3efa393a7bb7264-OIC2020-205E*2020-10-08*Executive_Council_Office-2025-01-27T18:22:47,"205 OCTOBER 8, 2020 2020-205 1. Under subsection 3(1) of the Financial Administration Act, the Lieutenant-Governor in Council appoints the following persons as members of the Treasury Board, effective October 8, 2020: (a) Honourable Ernie Steeves, Chair; (b) Honourable Dominic Cardy, Vice-Chair; (c) Honourable Dorothy Shephard; (d) Honourable Gary Crossman; (e) Honourable Mary Wilson; (f) Honourable Hugh John Flemming, O.C.; (g) Honourable Bruce Fitch; and (h) Honourable Tammy Scott-Wallace. 2. Under subsection 3(1) of the Financial Administration Act and section 26 of the Interpretation Act, the Lieutenant-Governor in Council revokes Order in Council 2018-359 dated November 15, 2018 and Order in Council 2020-43 dated February 24, 2020. .0ry Brenda L. Murphy Lieutenant-Governor This is to certify that the foregoing is a true copy of an Order of the Lieutenant-Governor in Council of the Je certifie que le document qui precede est une copie conforme d'un decret du lieutenant-gouverneur en conseil Province of New Brunswick, made on the de la province du Nouveau-Brunswick, pris le 8 October 2020. Secretary to Cabinet / Secretaire du Cabinet /tac T199,- &co",https://ijf-next-frontend-git-apt-ijf.vercel.app/appointments/09eb8abf6d2a033f90aaa41318f4e213
Andrea M. Foister,Her Majesty's Counsel,Justice and Public Safety,,nb,2020-10-29,,,,,,False,OIC2020-227E,apt/nb/apt-nb-52cc57ba1ee1b4e1b1d01f65cc5545c5-OIC2020-227E*2020-10-29*Justice_and_Public_Safety-2025-01-27T18:22:47,"227 OCTOBER 29, 2020 2020-227 Under section 1 of the Queen's Counsel and Precedence Act, the Lieutenant-Governor appoints the following persons to be Her Majesty's Counsel: (a) Steven R. Barnett; (b) Hugh J. Cameron; (c) Danys Delaquis; (d) Shawn R. Dempsey; (e) Catherine Fawcett; (f) Andrea M. Foister; (g) Marc R. Guignard; (h) Mark Robere; (i) Marta A. Shannon; (j) Monique Veillette; and (k) Claude Voyer. Brenda L. Murphy Lieutenant-Governor This is to certify that the foregoing is a true copy of an Order of the Lieutenant-Governor in Council of the Je certifie que le document qui precede est une copie conforme d'un decret du lieutenant-gouverneur en conseil Province of New Brunswick, made on the 29 October 2020. de la province du Nouveau-Brunswick, pris le acct oo Secretary to Cabinet / Secretaire ydu Cabin et",https://ijf-next-frontend-git-apt-ijf.vercel.app/appointments/d2399d142a6be1d2f2f917cd97c5b1e8
Catherine Fawcett,Her Majesty's Counsel,Justice and Public Safety,,nb,2020-10-29,,,,,,False,OIC2020-227E,apt/nb/apt-nb-52cc57ba1ee1b4e1b1d01f65cc5545c5-OIC2020-227E*2020-10-29*Justice_and_Public_Safety-2025-01-27T18:22:47,"227 OCTOBER 29, 2020 2020-227 Under section 1 of the Queen's Counsel and Precedence Act, the Lieutenant-Governor appoints the following persons to be Her Majesty's Counsel: (a) Steven R. Barnett; (b) Hugh J. Cameron; (c) Danys Delaquis; (d) Shawn R. Dempsey; (e) Catherine Fawcett; (f) Andrea M. Foister; (g) Marc R. Guignard; (h) Mark Robere; (i) Marta A. Shannon; (j) Monique Veillette; and (k) Claude Voyer. Brenda L. Murphy Lieutenant-Governor This is to certify that the foregoing is a true copy of an Order of the Lieutenant-Governor in Council of the Je certifie que le document qui precede est une copie conforme d'un decret du lieutenant-gouverneur en conseil Province of New Brunswick, made on the 29 October 2020. de la province du Nouveau-Brunswick, pris le acct oo Secretary to Cabinet / Secretaire ydu Cabin et",https://ijf-next-frontend-git-apt-ijf.vercel.app/appointments/904346c354a6a401535d19eb973dd685
Claude Voyer,Her Majesty's Counsel,Justice and Public Safety,,nb,2020-10-29,,,,,,False,OIC2020-227E,apt/nb/apt-nb-52cc57ba1ee1b4e1b1d01f65cc5545c5-OIC2020-227E*2020-10-29*Justice_and_Public_Safety-2025-01-27T18:22:47,"227 OCTOBER 29, 2020 2020-227 Under section 1 of the Queen's Counsel and Precedence Act, the Lieutenant-Governor appoints the following persons to be Her Majesty's Counsel: (a) Steven R. Barnett; (b) Hugh J. Cameron; (c) Danys Delaquis; (d) Shawn R. Dempsey; (e) Catherine Fawcett; (f) Andrea M. Foister; (g) Marc R. Guignard; (h) Mark Robere; (i) Marta A. Shannon; (j) Monique Veillette; and (k) Claude Voyer. Brenda L. Murphy Lieutenant-Governor This is to certify that the foregoing is a true copy of an Order of the Lieutenant-Governor in Council of the Je certifie que le document qui precede est une copie conforme d'un decret du lieutenant-gouverneur en conseil Province of New Brunswick, made on the 29 October 2020. de la province du Nouveau-Brunswick, pris le acct oo Secretary to Cabinet / Secretaire ydu Cabin et",https://ijf-next-frontend-git-apt-ijf.vercel.app/appointments/874cd5d72d2c862a236b5292b9504925
Danys Delaquis,Her Majesty's Counsel,Justice and Public Safety,,nb,2020-10-29,,,,,,False,OIC2020-227E,apt/nb/apt-nb-52cc57ba1ee1b4e1b1d01f65cc5545c5-OIC2020-227E*2020-10-29*Justice_and_Public_Safety-2025-01-27T18:22:47,"227 OCTOBER 29, 2020 2020-227 Under section 1 of the Queen's Counsel and Precedence Act, the Lieutenant-Governor appoints the following persons to be Her Majesty's Counsel: (a) Steven R. Barnett; (b) Hugh J. Cameron; (c) Danys Delaquis; (d) Shawn R. Dempsey; (e) Catherine Fawcett; (f) Andrea M. Foister; (g) Marc R. Guignard; (h) Mark Robere; (i) Marta A. Shannon; (j) Monique Veillette; and (k) Claude Voyer. Brenda L. Murphy Lieutenant-Governor This is to certify that the foregoing is a true copy of an Order of the Lieutenant-Governor in Council of the Je certifie que le document qui precede est une copie conforme d'un decret du lieutenant-gouverneur en conseil Province of New Brunswick, made on the 29 October 2020. de la province du Nouveau-Brunswick, pris le acct oo Secretary to Cabinet / Secretaire ydu Cabin et",https://ijf-next-frontend-git-apt-ijf.vercel.app/appointments/34c569d3719506ebc50ee01624c766db
Hugh J. Cameron,Her Majesty's Counsel,Justice and Public Safety,,nb,2020-10-29,,,,,,False,OIC2020-227E,apt/nb/apt-nb-52cc57ba1ee1b4e1b1d01f65cc5545c5-OIC2020-227E*2020-10-29*Justice_and_Public_Safety-2025-01-27T18:22:47,"227 OCTOBER 29, 2020 2020-227 Under section 1 of the Queen's Counsel and Precedence Act, the Lieutenant-Governor appoints the following persons to be Her Majesty's Counsel: (a) Steven R. Barnett; (b) Hugh J. Cameron; (c) Danys Delaquis; (d) Shawn R. Dempsey; (e) Catherine Fawcett; (f) Andrea M. Foister; (g) Marc R. Guignard; (h) Mark Robere; (i) Marta A. Shannon; (j) Monique Veillette; and (k) Claude Voyer. Brenda L. Murphy Lieutenant-Governor This is to certify that the foregoing is a true copy of an Order of the Lieutenant-Governor in Council of the Je certifie que le document qui precede est une copie conforme d'un decret du lieutenant-gouverneur en conseil Province of New Brunswick, made on the 29 October 2020. de la province du Nouveau-Brunswick, pris le acct oo Secretary to Cabinet / Secretaire ydu Cabin et",https://ijf-next-frontend-git-apt-ijf.vercel.app/appointments/bf7f528cda868c335bd9f7f4a0fb0d5a
Marc R. Guignard,Her Majesty's Counsel,Justice and Public Safety,,nb,2020-10-29,,,,,,False,OIC2020-227E,apt/nb/apt-nb-52cc57ba1ee1b4e1b1d01f65cc5545c5-OIC2020-227E*2020-10-29*Justice_and_Public_Safety-2025-01-27T18:22:47,"227 OCTOBER 29, 2020 2020-227 Under section 1 of the Queen's Counsel and Precedence Act, the Lieutenant-Governor appoints the following persons to be Her Majesty's Counsel: (a) Steven R. Barnett; (b) Hugh J. Cameron; (c) Danys Delaquis; (d) Shawn R. Dempsey; (e) Catherine Fawcett; (f) Andrea M. Foister; (g) Marc R. Guignard; (h) Mark Robere; (i) Marta A. Shannon; (j) Monique Veillette; and (k) Claude Voyer. Brenda L. Murphy Lieutenant-Governor This is to certify that the foregoing is a true copy of an Order of the Lieutenant-Governor in Council of the Je certifie que le document qui precede est une copie conforme d'un decret du lieutenant-gouverneur en conseil Province of New Brunswick, made on the 29 October 2020. de la province du Nouveau-Brunswick, pris le acct oo Secretary to Cabinet / Secretaire ydu Cabin et",https://ijf-next-frontend-git-apt-ijf.vercel.app/appointments/446c8e9d2c6b927a58d313f55a8061b7
Mark Robere,Her Majesty's Counsel,Justice and Public Safety,,nb,2020-10-29,,,,,,False,OIC2020-227E,apt/nb/apt-nb-52cc57ba1ee1b4e1b1d01f65cc5545c5-OIC2020-227E*2020-10-29*Justice_and_Public_Safety-2025-01-27T18:22:47,"227 OCTOBER 29, 2020 2020-227 Under section 1 of the Queen's Counsel and Precedence Act, the Lieutenant-Governor appoints the following persons to be Her Majesty's Counsel: (a) Steven R. Barnett; (b) Hugh J. Cameron; (c) Danys Delaquis; (d) Shawn R. Dempsey; (e) Catherine Fawcett; (f) Andrea M. Foister; (g) Marc R. Guignard; (h) Mark Robere; (i) Marta A. Shannon; (j) Monique Veillette; and (k) Claude Voyer. Brenda L. Murphy Lieutenant-Governor This is to certify that the foregoing is a true copy of an Order of the Lieutenant-Governor in Council of the Je certifie que le document qui precede est une copie conforme d'un decret du lieutenant-gouverneur en conseil Province of New Brunswick, made on the 29 October 2020. de la province du Nouveau-Brunswick, pris le acct oo Secretary to Cabinet / Secretaire ydu Cabin et",https://ijf-next-frontend-git-apt-ijf.vercel.app/appointments/a9d7a6ddafa758e0e42f3cd359915e72
Marta A. Shannon,Her Majesty's Counsel,Justice and Public Safety,,nb,2020-10-29,,,,,,False,OIC2020-227E,apt/nb/apt-nb-52cc57ba1ee1b4e1b1d01f65cc5545c5-OIC2020-227E*2020-10-29*Justice_and_Public_Safety-2025-01-27T18:22:47,"227 OCTOBER 29, 2020 2020-227 Under section 1 of the Queen's Counsel and Precedence Act, the Lieutenant-Governor appoints the following persons to be Her Majesty's Counsel: (a) Steven R. Barnett; (b) Hugh J. Cameron; (c) Danys Delaquis; (d) Shawn R. Dempsey; (e) Catherine Fawcett; (f) Andrea M. Foister; (g) Marc R. Guignard; (h) Mark Robere; (i) Marta A. Shannon; (j) Monique Veillette; and (k) Claude Voyer. Brenda L. Murphy Lieutenant-Governor This is to certify that the foregoing is a true copy of an Order of the Lieutenant-Governor in Council of the Je certifie que le document qui precede est une copie conforme d'un decret du lieutenant-gouverneur en conseil Province of New Brunswick, made on the 29 October 2020. de la province du Nouveau-Brunswick, pris le acct oo Secretary to Cabinet / Secretaire ydu Cabin et",https://ijf-next-frontend-git-apt-ijf.vercel.app/appointments/f27546abb9edd25ca5797f8ee6194471
Monique Veillette,Her Majesty's Counsel,Justice and Public Safety,,nb,2020-10-29,,,,,,False,OIC2020-227E,apt/nb/apt-nb-52cc57ba1ee1b4e1b1d01f65cc5545c5-OIC2020-227E*2020-10-29*Justice_and_Public_Safety-2025-01-27T18:22:47,"227 OCTOBER 29, 2020 2020-227 Under section 1 of the Queen's Counsel and Precedence Act, the Lieutenant-Governor appoints the following persons to be Her Majesty's Counsel: (a) Steven R. Barnett; (b) Hugh J. Cameron; (c) Danys Delaquis; (d) Shawn R. Dempsey; (e) Catherine Fawcett; (f) Andrea M. Foister; (g) Marc R. Guignard; (h) Mark Robere; (i) Marta A. Shannon; (j) Monique Veillette; and (k) Claude Voyer. Brenda L. Murphy Lieutenant-Governor This is to certify that the foregoing is a true copy of an Order of the Lieutenant-Governor in Council of the Je certifie que le document qui precede est une copie conforme d'un decret du lieutenant-gouverneur en conseil Province of New Brunswick, made on the 29 October 2020. de la province du Nouveau-Brunswick, pris le acct oo Secretary to Cabinet / Secretaire ydu Cabin et",https://ijf-next-frontend-git-apt-ijf.vercel.app/appointments/3778cd1b608baaadea7e0015540ebbe7
Shawn R. Dempsey,Her Majesty's Counsel,Justice and Public Safety,,nb,2020-10-29,,,,,,False,OIC2020-227E,apt/nb/apt-nb-52cc57ba1ee1b4e1b1d01f65cc5545c5-OIC2020-227E*2020-10-29*Justice_and_Public_Safety-2025-01-27T18:22:47,"227 OCTOBER 29, 2020 2020-227 Under section 1 of the Queen's Counsel and Precedence Act, the Lieutenant-Governor appoints the following persons to be Her Majesty's Counsel: (a) Steven R. Barnett; (b) Hugh J. Cameron; (c) Danys Delaquis; (d) Shawn R. Dempsey; (e) Catherine Fawcett; (f) Andrea M. Foister; (g) Marc R. Guignard; (h) Mark Robere; (i) Marta A. Shannon; (j) Monique Veillette; and (k) Claude Voyer. Brenda L. Murphy Lieutenant-Governor This is to certify that the foregoing is a true copy of an Order of the Lieutenant-Governor in Council of the Je certifie que le document qui precede est une copie conforme d'un decret du lieutenant-gouverneur en conseil Province of New Brunswick, made on the 29 October 2020. de la province du Nouveau-Brunswick, pris le acct oo Secretary to Cabinet / Secretaire ydu Cabin et",https://ijf-next-frontend-git-apt-ijf.vercel.app/appointments/b9fe4a649afc98177403f82fae208bf4
Steven R. Barnett,Her Majesty's Counsel,Justice and Public Safety,,nb,2020-10-29,,,,,,False,OIC2020-227E,apt/nb/apt-nb-52cc57ba1ee1b4e1b1d01f65cc5545c5-OIC2020-227E*2020-10-29*Justice_and_Public_Safety-2025-01-27T18:22:47,"227 OCTOBER 29, 2020 2020-227 Under section 1 of the Queen's Counsel and Precedence Act, the Lieutenant-Governor appoints the following persons to be Her Majesty's Counsel: (a) Steven R. Barnett; (b) Hugh J. Cameron; (c) Danys Delaquis; (d) Shawn R. Dempsey; (e) Catherine Fawcett; (f) Andrea M. Foister; (g) Marc R. Guignard; (h) Mark Robere; (i) Marta A. Shannon; (j) Monique Veillette; and (k) Claude Voyer. Brenda L. Murphy Lieutenant-Governor This is to certify that the foregoing is a true copy of an Order of the Lieutenant-Governor in Council of the Je certifie que le document qui precede est une copie conforme d'un decret du lieutenant-gouverneur en conseil Province of New Brunswick, made on the 29 October 2020. de la province du Nouveau-Brunswick, pris le acct oo Secretary to Cabinet / Secretaire ydu Cabin et",https://ijf-next-frontend-git-apt-ijf.vercel.app/appointments/7e30c61596ddd09fc1a6ae5e5b7289b0
Thomas Mann,Trustee,Social Development,,nb,2020-10-29,,2020-10-29,,,,False,OIC2020-223E,apt/nb/apt-nb-9ca4b0e6781792a07e59eba8e0abe8ea-OIC2020-223E*2020-10-29*Social_Development-2025-01-27T18:22:47,"223 OCTOBER 29, 2020 2020-223 Under subsection 10(8) of the Nursing Homes Act, the Lieutenant-Governor in Council terminates the appointment of Thomas Mann as Trustee for the Campbellton Nursing Home, effective October 29, 2020. Brenda L. Murphy Lieutenant-Governor This is to certify that the foregoing is a true copy of an Order of the Lieutenant-Governor in Council of the Je certifie que le document qui precede est une copie conforme d'un decret du lieutenant-gouverneur en conseil Province of New Brunswick, made on the 29 October 2020. de la province du Nouveau-Brunswick, pris le Sechrettary to C-ab inet / Secretaire du Cabinet [Been- hr@@",https://ijf-next-frontend-git-apt-ijf.vercel.app/appointments/d986f327d226ad2735f4e6b6bd724c86
Andrea Leger,municipal returning officer,Elections New Brunswick,,nb,2020-11-05,2020-11-05,,,,,False,OIC2020-228E,apt/nb/apt-nb-4d943568d70d5a13512de2352328d804-OIC2020-228E*2020-11-05*Elections_New_Brunswick-2025-01-27T18:22:47,"228 NOVEMBER 5, 2020 2020-228 1. Under section 6 of the Municipal Elections Act, section 36.3 of the Education Act and section 11 of New Brunswick Regulation 2012-7, the Board Regulation - Regional Health Authorities Act, the Lieutenant-Governor in Council appoints Andrea Leger, Cocagne, New Brunswick, as municipal returning officer for M05 Kent-Westmorland, effective November 5, 2020, for the 2021 municipal general elections, as well as any by-elections for municipalities that may be required in their respective region. 2. Under to section 6 of the Municipal Elections Act, section 36.3 of the Education Act, section 11 of New Brunswick Regulation 2012-7, the Board Regulation - Regional Health Authorities Act, and section 26 of the Interpretation Act, the Lieutenant-Governor in Council revokes paragraph 2(e) of Order in Council 2019-259, dated December 19, 2019. '. Yr Brenda L. Murphy Lieutenant-Governor This is to certify that the foregoing is a true copy of an Order of the Lieutenant-Governor in Council of the Je certifie que le document qui precede est une copie conforme d'un decret du lieutenant-gouverneur en conseil Province of New Brunswick, made on the 5 November 2020. de la province du Nouveau-Brunswick, pris le",https://ijf-next-frontend-git-apt-ijf.vercel.app/appointments/552f4a142ecd5b04f7d158747c84a396
Alain Bosse,director,Natural Resources and Energy Development,,nb,2020-11-12,2020-11-12,,4 years,,,True,OIC2020-237E,apt/nb/apt-nb-7ff1b3e0456b022d6a188e42cf74ed46-OIC2020-237E*2020-11-12*Natural_Resources_and_Energy_Development-2025-01-27T18:22:47,"237 NOVEMBER 12, 2020 2020-237 1. Under subsection 15(6) of the Electricity Act, the Lieutenant- Governor in Council acknowledges receipt of a description of the skills and qualifications required of the board of directors of the New Brunswick Power Corporation as a whole in order for the board to carry out its functions, and the skills and qualification requirements for nominees for the board of directors positions to be filled. 2. Under paragraph 15(7)(c) of the Electricity Act, the Lieutenant- Governor in Council acknowledges receipt of a description of the recruitment, assessment and selection processes used by the board of directors of the New Brunswick Power Corporation in making nominations and the results of those processes. 3. Under paragraph 15(2)(b) and subsections 15(3) and (5) of the Electricity Act, the Lieutenant-Governor in Council appoints the following individuals as directors of the board of the New Brunswick Power Corporation, effective November 12, 2020: a) Mark Reddemann of Scottsdale, Arizona, USA, for a term of four years; b) Scott Northard of Hastings, Minnesota, USA, for a term of two years. 4. Under paragraph 15(2)(b) and subsection 15(8) of the Electricity Act, the Lieutenant-Governor in Council reappoints the following persons as directors of the board of the New Brunswick Power Corporation, effective November 12, 2020: a) Barbara Trenholm of Fredericton, New Brunswick, for a term of one year; - 2 - 237 b) Paul McCoy of Western Springs, Illinois, USA, for a term of three years; c) Judith Athaide of Calgary, Alberta, for a term of one year; and d) Alain Bosse of St. Quentin, New Brunswick, for a term of four years. 5. Under subsections 16(1) and (2) of the Electricity Act, the Lieutenant-Governor in Council appoints Charles (Chuck) Firlotte of Shelton, Connecticut, USA, as Chair of the Board of Directors of the New Brunswick Power Corporation, for a term of five years, effective November 12, 2020. 6. Under paragraph 15(2)(b) and subsection 16(1) of the Electricity Act and section 26 of the Interpretation Act, the Lieutenant-Governor in Council revokes section 1 of Order in Council 2019-34 dated February 28, 2019. 7. Under to paragraph 15(2)(b) of the Electricity Act and section 26 of the Interpretation Act, the Lieutenant-Governor in Council revokes paragraph 3(a) of Order in Council 2019-34 dated February 28, 2019. <.l r%, Brenda L. Murphy Lieutenant-Governor This is to certify that the foregoing is a true copy of an Order of the Lieutenant-Governor in Council of the Je certifie que le document qui precede est une copie conforme d'un decret du lieutenant-gouverneur en conseil Province of New Brunswick, made on the 12 November 2020. de la province du Nouveau-Brunswick, pris le of Clerk the Executive Council/Greffier du Conseil executif /ate.cs.e,_o -/ 7o\@Ky",https://ijf-next-frontend-git-apt-ijf.vercel.app/appointments/a82f06cb05477a84a598d822cdc3be53
Andrea Feunekes,member of the Board of Directors,Executive Council Office,,nb,2020-11-12,2020-11-12,,2 years,,,False,OIC2020-238E,apt/nb/apt-nb-2ed69f4bf24861132e403acdc1996aee-OIC2020-238E*2020-11-12*Executive_Council_Office-2025-01-27T18:22:47,"238 NOVEMBER 12, 2020 2020-238 Under paragraph 8(1)(c) and subsections 8(3) and 9(1) of the Opportunities New Brunswick Act, the Lieutenant-Governor in Council appoints the following persons as members of the Board of Directors of Opportunities New Brunswick, effective November 12, 2020: a) Andrew McLaughlin, Dieppe, New Brunswick, for a term of three years; b) Daniella Degrace, Saint John, New Brunswick, for a term of three years; c) Gilles Cormier, Riverview, New Brunswick, for a term of three years; d) Andree Savoie, Dieppe, New Brunswick, for a term of two years; and e) Andrea Feunekes, Fredericton, New Brunswick, for a term of two years. s..Y d Brenda L. Murphy ' Lieutenant-Governor This is to certify that the foregoing is a true copy of an Order of the Lieutenant-Governor in Council of the Je certifie que le document qui precede est une copie conforme d'un decret du lieutenant-gouverneur en conseil Province of New Brunswick, made on the 12 November 2020. de la province du Nouveau-Brunswick, pris le Clerk of theE xecutive Council/Greffier du Conseil executif ta. 6on 3074q)?",https://ijf-next-frontend-git-apt-ijf.vercel.app/appointments/552ce63b85a554b711a1009a4f29a8e0
Andree Savoie,member of the Board of Directors,Executive Council Office,,nb,2020-11-12,2020-11-12,,2 years,,,False,OIC2020-238E,apt/nb/apt-nb-2ed69f4bf24861132e403acdc1996aee-OIC2020-238E*2020-11-12*Executive_Council_Office-2025-01-27T18:22:47,"238 NOVEMBER 12, 2020 2020-238 Under paragraph 8(1)(c) and subsections 8(3) and 9(1) of the Opportunities New Brunswick Act, the Lieutenant-Governor in Council appoints the following persons as members of the Board of Directors of Opportunities New Brunswick, effective November 12, 2020: a) Andrew McLaughlin, Dieppe, New Brunswick, for a term of three years; b) Daniella Degrace, Saint John, New Brunswick, for a term of three years; c) Gilles Cormier, Riverview, New Brunswick, for a term of three years; d) Andree Savoie, Dieppe, New Brunswick, for a term of two years; and e) Andrea Feunekes, Fredericton, New Brunswick, for a term of two years. s..Y d Brenda L. Murphy ' Lieutenant-Governor This is to certify that the foregoing is a true copy of an Order of the Lieutenant-Governor in Council of the Je certifie que le document qui precede est une copie conforme d'un decret du lieutenant-gouverneur en conseil Province of New Brunswick, made on the 12 November 2020. de la province du Nouveau-Brunswick, pris le Clerk of theE xecutive Council/Greffier du Conseil executif ta. 6on 3074q)?",https://ijf-next-frontend-git-apt-ijf.vercel.app/appointments/bec51ed881dc7a88a18e0d65bc39d4af
Andrew McLaughlin,member of the Board of Directors,Executive Council Office,,nb,2020-11-12,2020-11-12,,3 years,,,False,OIC2020-238E,apt/nb/apt-nb-2ed69f4bf24861132e403acdc1996aee-OIC2020-238E*2020-11-12*Executive_Council_Office-2025-01-27T18:22:47,"238 NOVEMBER 12, 2020 2020-238 Under paragraph 8(1)(c) and subsections 8(3) and 9(1) of the Opportunities New Brunswick Act, the Lieutenant-Governor in Council appoints the following persons as members of the Board of Directors of Opportunities New Brunswick, effective November 12, 2020: a) Andrew McLaughlin, Dieppe, New Brunswick, for a term of three years; b) Daniella Degrace, Saint John, New Brunswick, for a term of three years; c) Gilles Cormier, Riverview, New Brunswick, for a term of three years; d) Andree Savoie, Dieppe, New Brunswick, for a term of two years; and e) Andrea Feunekes, Fredericton, New Brunswick, for a term of two years. s..Y d Brenda L. Murphy ' Lieutenant-Governor This is to certify that the foregoing is a true copy of an Order of the Lieutenant-Governor in Council of the Je certifie que le document qui precede est une copie conforme d'un decret du lieutenant-gouverneur en conseil Province of New Brunswick, made on the 12 November 2020. de la province du Nouveau-Brunswick, pris le Clerk of theE xecutive Council/Greffier du Conseil executif ta. 6on 3074q)?",https://ijf-next-frontend-git-apt-ijf.vercel.app/appointments/84fcc29c628e641e71e8807b78ae2526
Barbara Trenholm,director,Natural Resources and Energy Development,,nb,2020-11-12,2020-11-12,,1 year,,,True,OIC2020-237E,apt/nb/apt-nb-7ff1b3e0456b022d6a188e42cf74ed46-OIC2020-237E*2020-11-12*Natural_Resources_and_Energy_Development-2025-01-27T18:22:47,"237 NOVEMBER 12, 2020 2020-237 1. Under subsection 15(6) of the Electricity Act, the Lieutenant- Governor in Council acknowledges receipt of a description of the skills and qualifications required of the board of directors of the New Brunswick Power Corporation as a whole in order for the board to carry out its functions, and the skills and qualification requirements for nominees for the board of directors positions to be filled. 2. Under paragraph 15(7)(c) of the Electricity Act, the Lieutenant- Governor in Council acknowledges receipt of a description of the recruitment, assessment and selection processes used by the board of directors of the New Brunswick Power Corporation in making nominations and the results of those processes. 3. Under paragraph 15(2)(b) and subsections 15(3) and (5) of the Electricity Act, the Lieutenant-Governor in Council appoints the following individuals as directors of the board of the New Brunswick Power Corporation, effective November 12, 2020: a) Mark Reddemann of Scottsdale, Arizona, USA, for a term of four years; b) Scott Northard of Hastings, Minnesota, USA, for a term of two years. 4. Under paragraph 15(2)(b) and subsection 15(8) of the Electricity Act, the Lieutenant-Governor in Council reappoints the following persons as directors of the board of the New Brunswick Power Corporation, effective November 12, 2020: a) Barbara Trenholm of Fredericton, New Brunswick, for a term of one year; - 2 - 237 b) Paul McCoy of Western Springs, Illinois, USA, for a term of three years; c) Judith Athaide of Calgary, Alberta, for a term of one year; and d) Alain Bosse of St. Quentin, New Brunswick, for a term of four years. 5. Under subsections 16(1) and (2) of the Electricity Act, the Lieutenant-Governor in Council appoints Charles (Chuck) Firlotte of Shelton, Connecticut, USA, as Chair of the Board of Directors of the New Brunswick Power Corporation, for a term of five years, effective November 12, 2020. 6. Under paragraph 15(2)(b) and subsection 16(1) of the Electricity Act and section 26 of the Interpretation Act, the Lieutenant-Governor in Council revokes section 1 of Order in Council 2019-34 dated February 28, 2019. 7. Under to paragraph 15(2)(b) of the Electricity Act and section 26 of the Interpretation Act, the Lieutenant-Governor in Council revokes paragraph 3(a) of Order in Council 2019-34 dated February 28, 2019. <.l r%, Brenda L. Murphy Lieutenant-Governor This is to certify that the foregoing is a true copy of an Order of the Lieutenant-Governor in Council of the Je certifie que le document qui precede est une copie conforme d'un decret du lieutenant-gouverneur en conseil Province of New Brunswick, made on the 12 November 2020. de la province du Nouveau-Brunswick, pris le of Clerk the Executive Council/Greffier du Conseil executif /ate.cs.e,_o -/ 7o\@Ky",https://ijf-next-frontend-git-apt-ijf.vercel.app/appointments/5d742de8ecce8261584dbece375e24c2
Charles (Chuck) Firlotte,Chair of the Board of Directors,Natural Resources and Energy Development,,nb,2020-11-12,2020-11-12,,5 years,,,False,OIC2020-237E,apt/nb/apt-nb-7ff1b3e0456b022d6a188e42cf74ed46-OIC2020-237E*2020-11-12*Natural_Resources_and_Energy_Development-2025-01-27T18:22:47,"237 NOVEMBER 12, 2020 2020-237 1. Under subsection 15(6) of the Electricity Act, the Lieutenant- Governor in Council acknowledges receipt of a description of the skills and qualifications required of the board of directors of the New Brunswick Power Corporation as a whole in order for the board to carry out its functions, and the skills and qualification requirements for nominees for the board of directors positions to be filled. 2. Under paragraph 15(7)(c) of the Electricity Act, the Lieutenant- Governor in Council acknowledges receipt of a description of the recruitment, assessment and selection processes used by the board of directors of the New Brunswick Power Corporation in making nominations and the results of those processes. 3. Under paragraph 15(2)(b) and subsections 15(3) and (5) of the Electricity Act, the Lieutenant-Governor in Council appoints the following individuals as directors of the board of the New Brunswick Power Corporation, effective November 12, 2020: a) Mark Reddemann of Scottsdale, Arizona, USA, for a term of four years; b) Scott Northard of Hastings, Minnesota, USA, for a term of two years. 4. Under paragraph 15(2)(b) and subsection 15(8) of the Electricity Act, the Lieutenant-Governor in Council reappoints the following persons as directors of the board of the New Brunswick Power Corporation, effective November 12, 2020: a) Barbara Trenholm of Fredericton, New Brunswick, for a term of one year; - 2 - 237 b) Paul McCoy of Western Springs, Illinois, USA, for a term of three years; c) Judith Athaide of Calgary, Alberta, for a term of one year; and d) Alain Bosse of St. Quentin, New Brunswick, for a term of four years. 5. Under subsections 16(1) and (2) of the Electricity Act, the Lieutenant-Governor in Council appoints Charles (Chuck) Firlotte of Shelton, Connecticut, USA, as Chair of the Board of Directors of the New Brunswick Power Corporation, for a term of five years, effective November 12, 2020. 6. Under paragraph 15(2)(b) and subsection 16(1) of the Electricity Act and section 26 of the Interpretation Act, the Lieutenant-Governor in Council revokes section 1 of Order in Council 2019-34 dated February 28, 2019. 7. Under to paragraph 15(2)(b) of the Electricity Act and section 26 of the Interpretation Act, the Lieutenant-Governor in Council revokes paragraph 3(a) of Order in Council 2019-34 dated February 28, 2019. <.l r%, Brenda L. Murphy Lieutenant-Governor This is to certify that the foregoing is a true copy of an Order of the Lieutenant-Governor in Council of the Je certifie que le document qui precede est une copie conforme d'un decret du lieutenant-gouverneur en conseil Province of New Brunswick, made on the 12 November 2020. de la province du Nouveau-Brunswick, pris le of Clerk the Executive Council/Greffier du Conseil executif /ate.cs.e,_o -/ 7o\@Ky",https://ijf-next-frontend-git-apt-ijf.vercel.app/appointments/d490835e4c3ef9b5e499867bff256555
Daniella Degrace,member of the Board of Directors,Executive Council Office,,nb,2020-11-12,2020-11-12,,3 years,,,False,OIC2020-238E,apt/nb/apt-nb-2ed69f4bf24861132e403acdc1996aee-OIC2020-238E*2020-11-12*Executive_Council_Office-2025-01-27T18:22:47,"238 NOVEMBER 12, 2020 2020-238 Under paragraph 8(1)(c) and subsections 8(3) and 9(1) of the Opportunities New Brunswick Act, the Lieutenant-Governor in Council appoints the following persons as members of the Board of Directors of Opportunities New Brunswick, effective November 12, 2020: a) Andrew McLaughlin, Dieppe, New Brunswick, for a term of three years; b) Daniella Degrace, Saint John, New Brunswick, for a term of three years; c) Gilles Cormier, Riverview, New Brunswick, for a term of three years; d) Andree Savoie, Dieppe, New Brunswick, for a term of two years; and e) Andrea Feunekes, Fredericton, New Brunswick, for a term of two years. s..Y d Brenda L. Murphy ' Lieutenant-Governor This is to certify that the foregoing is a true copy of an Order of the Lieutenant-Governor in Council of the Je certifie que le document qui precede est une copie conforme d'un decret du lieutenant-gouverneur en conseil Province of New Brunswick, made on the 12 November 2020. de la province du Nouveau-Brunswick, pris le Clerk of theE xecutive Council/Greffier du Conseil executif ta. 6on 3074q)?",https://ijf-next-frontend-git-apt-ijf.vercel.app/appointments/23ddfb3fb7b484fc567693364a1fce01
Gilles Cormier,member of the Board of Directors,Executive Council Office,,nb,2020-11-12,2020-11-12,,3 years,,,False,OIC2020-238E,apt/nb/apt-nb-2ed69f4bf24861132e403acdc1996aee-OIC2020-238E*2020-11-12*Executive_Council_Office-2025-01-27T18:22:47,"238 NOVEMBER 12, 2020 2020-238 Under paragraph 8(1)(c) and subsections 8(3) and 9(1) of the Opportunities New Brunswick Act, the Lieutenant-Governor in Council appoints the following persons as members of the Board of Directors of Opportunities New Brunswick, effective November 12, 2020: a) Andrew McLaughlin, Dieppe, New Brunswick, for a term of three years; b) Daniella Degrace, Saint John, New Brunswick, for a term of three years; c) Gilles Cormier, Riverview, New Brunswick, for a term of three years; d) Andree Savoie, Dieppe, New Brunswick, for a term of two years; and e) Andrea Feunekes, Fredericton, New Brunswick, for a term of two years. s..Y d Brenda L. Murphy ' Lieutenant-Governor This is to certify that the foregoing is a true copy of an Order of the Lieutenant-Governor in Council of the Je certifie que le document qui precede est une copie conforme d'un decret du lieutenant-gouverneur en conseil Province of New Brunswick, made on the 12 November 2020. de la province du Nouveau-Brunswick, pris le Clerk of theE xecutive Council/Greffier du Conseil executif ta. 6on 3074q)?",https://ijf-next-frontend-git-apt-ijf.vercel.app/appointments/c8237d7c915a8e5b558914fe710c8622
Janet MacDonnell,lay representative,Health,,nb,2020-11-12,2020-11-12,,2 years,,,False,OIC2020-239E,apt/nb/apt-nb-28942939e75f07f1989817dc8214db99-OIC2020-239E*2020-11-12*Health-2025-01-27T18:22:47,"239 NOVEMBER 12, 2020 2020-239 Under subsection 4(2) of An Act Respecting the New Brunswick Dental Society, the Lieutenant-Governor in Council appoints Janet MacDonnell, Ouispamsis, New Brunswick, as lay representative to the Board of Directors of the New Brunswick Dental Society, for a term of two years, effective November 12, 2020. ls.20 --pr- Brenda L. Murphy Lieutenant-Governor This is to certify that the foregoing is a true copy of an Order of the Lieutenant-Governor in Council of the Je certifie que le document qui precede est une copie conforme d'un decret du lieutenant-gouverneur en conseil Province of New Brunswick, made on the 12 November 2020. de la province du Nouveau-Brunswick, pris le of Clerk the Executive Council/Greffier du Conseil executif -atccaK us )fer)",https://ijf-next-frontend-git-apt-ijf.vercel.app/appointments/077f9416cd86cd26e420991b01fea334
Judge Alain Begin,judge,Justice and Public Safety,,nb,2020-11-12,,,,,,False,OIC2020-241E,apt/nb/apt-nb-7803b84e9f910ad30afd6c7df9b40663-OIC2020-241E*2020-11-12*Justice_and_Public_Safety-2025-01-27T18:22:47,"244 NOVEMBER 17, 2020 2020-244 Under subsection 4.5(1) of the Provincial Court Act, the Lieutenant-Governor in Council appoints the Honourable Judge Alain Begin of the Provincial Court of Nova Scotia to preside over any action, cause, matter, process, hearing or proceeding in the Provincial Court of New Brunswick in which a judge of that Court may be a witness. c.¢r Brenda L. Murphy Lieutenant-Governor This is to certify that the foregoing is a true copy of an Order of the Lieutenant-Governor in Council of the Je certifie que le document qui precede est une copie conforme d'un decret du lieutenant-gouverneur en conseil Province of New Brunswick, made on the 17 November 2020. de la province du Nouveau-Brunswick, pris le Secretary to Cabinet / Secretaire du Cabinet /-ta WK/y+ trow-",https://ijf-next-frontend-git-apt-ijf.vercel.app/appointments/97f1ff101beb74dbfc940884e7912c93
Judith Athaide,director,Natural Resources and Energy Development,,nb,2020-11-12,2020-11-12,,1 year,,,True,OIC2020-237E,apt/nb/apt-nb-7ff1b3e0456b022d6a188e42cf74ed46-OIC2020-237E*2020-11-12*Natural_Resources_and_Energy_Development-2025-01-27T18:22:47,"237 NOVEMBER 12, 2020 2020-237 1. Under subsection 15(6) of the Electricity Act, the Lieutenant- Governor in Council acknowledges receipt of a description of the skills and qualifications required of the board of directors of the New Brunswick Power Corporation as a whole in order for the board to carry out its functions, and the skills and qualification requirements for nominees for the board of directors positions to be filled. 2. Under paragraph 15(7)(c) of the Electricity Act, the Lieutenant- Governor in Council acknowledges receipt of a description of the recruitment, assessment and selection processes used by the board of directors of the New Brunswick Power Corporation in making nominations and the results of those processes. 3. Under paragraph 15(2)(b) and subsections 15(3) and (5) of the Electricity Act, the Lieutenant-Governor in Council appoints the following individuals as directors of the board of the New Brunswick Power Corporation, effective November 12, 2020: a) Mark Reddemann of Scottsdale, Arizona, USA, for a term of four years; b) Scott Northard of Hastings, Minnesota, USA, for a term of two years. 4. Under paragraph 15(2)(b) and subsection 15(8) of the Electricity Act, the Lieutenant-Governor in Council reappoints the following persons as directors of the board of the New Brunswick Power Corporation, effective November 12, 2020: a) Barbara Trenholm of Fredericton, New Brunswick, for a term of one year; - 2 - 237 b) Paul McCoy of Western Springs, Illinois, USA, for a term of three years; c) Judith Athaide of Calgary, Alberta, for a term of one year; and d) Alain Bosse of St. Quentin, New Brunswick, for a term of four years. 5. Under subsections 16(1) and (2) of the Electricity Act, the Lieutenant-Governor in Council appoints Charles (Chuck) Firlotte of Shelton, Connecticut, USA, as Chair of the Board of Directors of the New Brunswick Power Corporation, for a term of five years, effective November 12, 2020. 6. Under paragraph 15(2)(b) and subsection 16(1) of the Electricity Act and section 26 of the Interpretation Act, the Lieutenant-Governor in Council revokes section 1 of Order in Council 2019-34 dated February 28, 2019. 7. Under to paragraph 15(2)(b) of the Electricity Act and section 26 of the Interpretation Act, the Lieutenant-Governor in Council revokes paragraph 3(a) of Order in Council 2019-34 dated February 28, 2019. <.l r%, Brenda L. Murphy Lieutenant-Governor This is to certify that the foregoing is a true copy of an Order of the Lieutenant-Governor in Council of the Je certifie que le document qui precede est une copie conforme d'un decret du lieutenant-gouverneur en conseil Province of New Brunswick, made on the 12 November 2020. de la province du Nouveau-Brunswick, pris le of Clerk the Executive Council/Greffier du Conseil executif /ate.cs.e,_o -/ 7o\@Ky",https://ijf-next-frontend-git-apt-ijf.vercel.app/appointments/90018c85069e7e5abb71094df98c0ed4
Mark Reddemann,director,Natural Resources and Energy Development,,nb,2020-11-12,2020-11-12,,4 years,,,False,OIC2020-237E,apt/nb/apt-nb-7ff1b3e0456b022d6a188e42cf74ed46-OIC2020-237E*2020-11-12*Natural_Resources_and_Energy_Development-2025-01-27T18:22:47,"237 NOVEMBER 12, 2020 2020-237 1. Under subsection 15(6) of the Electricity Act, the Lieutenant- Governor in Council acknowledges receipt of a description of the skills and qualifications required of the board of directors of the New Brunswick Power Corporation as a whole in order for the board to carry out its functions, and the skills and qualification requirements for nominees for the board of directors positions to be filled. 2. Under paragraph 15(7)(c) of the Electricity Act, the Lieutenant- Governor in Council acknowledges receipt of a description of the recruitment, assessment and selection processes used by the board of directors of the New Brunswick Power Corporation in making nominations and the results of those processes. 3. Under paragraph 15(2)(b) and subsections 15(3) and (5) of the Electricity Act, the Lieutenant-Governor in Council appoints the following individuals as directors of the board of the New Brunswick Power Corporation, effective November 12, 2020: a) Mark Reddemann of Scottsdale, Arizona, USA, for a term of four years; b) Scott Northard of Hastings, Minnesota, USA, for a term of two years. 4. Under paragraph 15(2)(b) and subsection 15(8) of the Electricity Act, the Lieutenant-Governor in Council reappoints the following persons as directors of the board of the New Brunswick Power Corporation, effective November 12, 2020: a) Barbara Trenholm of Fredericton, New Brunswick, for a term of one year; - 2 - 237 b) Paul McCoy of Western Springs, Illinois, USA, for a term of three years; c) Judith Athaide of Calgary, Alberta, for a term of one year; and d) Alain Bosse of St. Quentin, New Brunswick, for a term of four years. 5. Under subsections 16(1) and (2) of the Electricity Act, the Lieutenant-Governor in Council appoints Charles (Chuck) Firlotte of Shelton, Connecticut, USA, as Chair of the Board of Directors of the New Brunswick Power Corporation, for a term of five years, effective November 12, 2020. 6. Under paragraph 15(2)(b) and subsection 16(1) of the Electricity Act and section 26 of the Interpretation Act, the Lieutenant-Governor in Council revokes section 1 of Order in Council 2019-34 dated February 28, 2019. 7. Under to paragraph 15(2)(b) of the Electricity Act and section 26 of the Interpretation Act, the Lieutenant-Governor in Council revokes paragraph 3(a) of Order in Council 2019-34 dated February 28, 2019. <.l r%, Brenda L. Murphy Lieutenant-Governor This is to certify that the foregoing is a true copy of an Order of the Lieutenant-Governor in Council of the Je certifie que le document qui precede est une copie conforme d'un decret du lieutenant-gouverneur en conseil Province of New Brunswick, made on the 12 November 2020. de la province du Nouveau-Brunswick, pris le of Clerk the Executive Council/Greffier du Conseil executif /ate.cs.e,_o -/ 7o\@Ky",https://ijf-next-frontend-git-apt-ijf.vercel.app/appointments/3553434827c528a1c3662f12087595bf
Paul McCoy,director,Natural Resources and Energy Development,,nb,2020-11-12,2020-11-12,,3 years,,,True,OIC2020-237E,apt/nb/apt-nb-7ff1b3e0456b022d6a188e42cf74ed46-OIC2020-237E*2020-11-12*Natural_Resources_and_Energy_Development-2025-01-27T18:22:47,"237 NOVEMBER 12, 2020 2020-237 1. Under subsection 15(6) of the Electricity Act, the Lieutenant- Governor in Council acknowledges receipt of a description of the skills and qualifications required of the board of directors of the New Brunswick Power Corporation as a whole in order for the board to carry out its functions, and the skills and qualification requirements for nominees for the board of directors positions to be filled. 2. Under paragraph 15(7)(c) of the Electricity Act, the Lieutenant- Governor in Council acknowledges receipt of a description of the recruitment, assessment and selection processes used by the board of directors of the New Brunswick Power Corporation in making nominations and the results of those processes. 3. Under paragraph 15(2)(b) and subsections 15(3) and (5) of the Electricity Act, the Lieutenant-Governor in Council appoints the following individuals as directors of the board of the New Brunswick Power Corporation, effective November 12, 2020: a) Mark Reddemann of Scottsdale, Arizona, USA, for a term of four years; b) Scott Northard of Hastings, Minnesota, USA, for a term of two years. 4. Under paragraph 15(2)(b) and subsection 15(8) of the Electricity Act, the Lieutenant-Governor in Council reappoints the following persons as directors of the board of the New Brunswick Power Corporation, effective November 12, 2020: a) Barbara Trenholm of Fredericton, New Brunswick, for a term of one year; - 2 - 237 b) Paul McCoy of Western Springs, Illinois, USA, for a term of three years; c) Judith Athaide of Calgary, Alberta, for a term of one year; and d) Alain Bosse of St. Quentin, New Brunswick, for a term of four years. 5. Under subsections 16(1) and (2) of the Electricity Act, the Lieutenant-Governor in Council appoints Charles (Chuck) Firlotte of Shelton, Connecticut, USA, as Chair of the Board of Directors of the New Brunswick Power Corporation, for a term of five years, effective November 12, 2020. 6. Under paragraph 15(2)(b) and subsection 16(1) of the Electricity Act and section 26 of the Interpretation Act, the Lieutenant-Governor in Council revokes section 1 of Order in Council 2019-34 dated February 28, 2019. 7. Under to paragraph 15(2)(b) of the Electricity Act and section 26 of the Interpretation Act, the Lieutenant-Governor in Council revokes paragraph 3(a) of Order in Council 2019-34 dated February 28, 2019. <.l r%, Brenda L. Murphy Lieutenant-Governor This is to certify that the foregoing is a true copy of an Order of the Lieutenant-Governor in Council of the Je certifie que le document qui precede est une copie conforme d'un decret du lieutenant-gouverneur en conseil Province of New Brunswick, made on the 12 November 2020. de la province du Nouveau-Brunswick, pris le of Clerk the Executive Council/Greffier du Conseil executif /ate.cs.e,_o -/ 7o\@Ky",https://ijf-next-frontend-git-apt-ijf.vercel.app/appointments/0170f1508d867c58c7bfa097a316fcab
Scott Northard,director,Natural Resources and Energy Development,,nb,2020-11-12,2020-11-12,,2 years,,,False,OIC2020-237E,apt/nb/apt-nb-7ff1b3e0456b022d6a188e42cf74ed46-OIC2020-237E*2020-11-12*Natural_Resources_and_Energy_Development-2025-01-27T18:22:47,"237 NOVEMBER 12, 2020 2020-237 1. Under subsection 15(6) of the Electricity Act, the Lieutenant- Governor in Council acknowledges receipt of a description of the skills and qualifications required of the board of directors of the New Brunswick Power Corporation as a whole in order for the board to carry out its functions, and the skills and qualification requirements for nominees for the board of directors positions to be filled. 2. Under paragraph 15(7)(c) of the Electricity Act, the Lieutenant- Governor in Council acknowledges receipt of a description of the recruitment, assessment and selection processes used by the board of directors of the New Brunswick Power Corporation in making nominations and the results of those processes. 3. Under paragraph 15(2)(b) and subsections 15(3) and (5) of the Electricity Act, the Lieutenant-Governor in Council appoints the following individuals as directors of the board of the New Brunswick Power Corporation, effective November 12, 2020: a) Mark Reddemann of Scottsdale, Arizona, USA, for a term of four years; b) Scott Northard of Hastings, Minnesota, USA, for a term of two years. 4. Under paragraph 15(2)(b) and subsection 15(8) of the Electricity Act, the Lieutenant-Governor in Council reappoints the following persons as directors of the board of the New Brunswick Power Corporation, effective November 12, 2020: a) Barbara Trenholm of Fredericton, New Brunswick, for a term of one year; - 2 - 237 b) Paul McCoy of Western Springs, Illinois, USA, for a term of three years; c) Judith Athaide of Calgary, Alberta, for a term of one year; and d) Alain Bosse of St. Quentin, New Brunswick, for a term of four years. 5. Under subsections 16(1) and (2) of the Electricity Act, the Lieutenant-Governor in Council appoints Charles (Chuck) Firlotte of Shelton, Connecticut, USA, as Chair of the Board of Directors of the New Brunswick Power Corporation, for a term of five years, effective November 12, 2020. 6. Under paragraph 15(2)(b) and subsection 16(1) of the Electricity Act and section 26 of the Interpretation Act, the Lieutenant-Governor in Council revokes section 1 of Order in Council 2019-34 dated February 28, 2019. 7. Under to paragraph 15(2)(b) of the Electricity Act and section 26 of the Interpretation Act, the Lieutenant-Governor in Council revokes paragraph 3(a) of Order in Council 2019-34 dated February 28, 2019. <.l r%, Brenda L. Murphy Lieutenant-Governor This is to certify that the foregoing is a true copy of an Order of the Lieutenant-Governor in Council of the Je certifie que le document qui precede est une copie conforme d'un decret du lieutenant-gouverneur en conseil Province of New Brunswick, made on the 12 November 2020. de la province du Nouveau-Brunswick, pris le of Clerk the Executive Council/Greffier du Conseil executif /ate.cs.e,_o -/ 7o\@Ky",https://ijf-next-frontend-git-apt-ijf.vercel.app/appointments/d321082c78e4eb98b949616b1248c3c9
Judge Alain Begin,Judge,Justice and Public Safety,,nb,2020-11-17,2020-11-17,,,,,False,OIC2020-244E,apt/nb/apt-nb-f261af53b5f5f74ccef48e9ea66602f0-OIC2020-244E*2020-11-17*Justice_and_Public_Safety-2025-01-27T18:22:47,"244 NOVEMBER 17, 2020 2020-244 Under subsection 4.5(1) of the Provincial Court Act, the Lieutenant-Governor in Council appoints the Honourable Judge Alain Begin of the Provincial Court of Nova Scotia to preside over any action, cause, matter, process, hearing or proceeding in the Provincial Court of New Brunswick in which a judge of that Court may be a witness. c.¢r Brenda L. Murphy Lieutenant-Governor This is to certify that the foregoing is a true copy of an Order of the Lieutenant-Governor in Council of the Je certifie que le document qui precede est une copie conforme d'un decret du lieutenant-gouverneur en conseil Province of New Brunswick, made on the 17 November 2020. de la province du Nouveau-Brunswick, pris le Secretary to Cabinet / Secretaire du Cabinet /-ta WK/y+ trow-",https://ijf-next-frontend-git-apt-ijf.vercel.app/appointments/793ca41226a1777141605449c942446c
Anne Bard-Lavigne,member,Justice and Public Safety,,nb,2020-11-26,2020-11-26,,5 years,,,False,OIC2020-248E,apt/nb/apt-nb-ce0a44e31313f93b4075390056c4e8fe-OIC2020-248E*2020-11-26*Justice_and_Public_Safety-2025-01-27T18:22:47,"248 NOVEMBER 26, 2020 2020-248 1. Under paragraph 6.1 (1 )(e) of the Provincial Court Act, the Lieutenant-Governor in Council appoints the following persons as members of the Judicial Council, effective November 26, 2020, for a term of five years: (a) Anne Bard-Lavigne of Beresford, New Brunswick; (b) Kent Fox of Fredericton, New Brunswick; and (c) Neil Vibert of Miscou, New Brunswick. 2. Under paragraph 6.1 (1 )(e) of the Provincial Court Act, the Lieutenant-Governor in Council revokes: (a) Order in Council 2003-98 dated April 10, 2003; and (b) section 1 of Order in Council 2003-301 dated September 18, 2003. Brenda L. Murphy Lieutenant-Governor This is to certify that the foregoing is a true copy of an Order of the Lieutenant-Governor in Council of the Je certifie que le document qui precede est une copie conforme d'un decret du lieutenant-gouverneur en conseil Province of New Brunswick, made on the 26 November 2020. de la province du Nouveau-Brunswick, pris le Secretary to Cabinet / Secretaire du Cabinet",https://ijf-next-frontend-git-apt-ijf.vercel.app/appointments/ae5f26386e350d8589681c54f1e2d4f8
Brooke Gibson,member,Justice and Public Safety,,nb,2020-11-26,2020-11-26,,5 years,,,False,OIC2020-249E,apt/nb/apt-nb-2f6b466de739caa6a385de768bc00cd0-OIC2020-249E*2020-11-26*Justice_and_Public_Safety-2025-01-27T18:22:47,"249 NOVEMBER 26, 2020 2020-249 Under subsection 26(2) of the Small Claims Act, the Lieutenant Governor in Council appoints the following persons as members of the Small Claims Complaints Committee panel, effective November 26, 2020, for a term of five years: (a) Brooke Gibson, of Fredericton, New Brunswick; (b) Lee V. Mitchell, of New Maryland, New Brunswick; (c) Kailey O'Neil, of Saint John, New Brunswick; (d) Charlie Ross, of Fredericton, New Brunswick; and (e) Thomas Vihvelin, of Saint John, New Brunswick. Brenda L. Murphy Lieutenant-Governor This is to certify that the foregoing is a true copy of an Order of the Lieutenant-Governor in Council of the Je certifie que le document qui precede est une copie conforme d'un decret du lieutenant-gouverneur en conseil Province of New Brunswick, made on the 26 November 2020. de la province du Nouveau-Brunswick, pris le to Secretary Cabinet / Secretaire du Cabinet + ie 5rol»-Y')",https://ijf-next-frontend-git-apt-ijf.vercel.app/appointments/e60a61f3328b74b7cd627d8bfc6d0f98
Charlie Ross,member,Justice and Public Safety,,nb,2020-11-26,2020-11-26,,5 years,,,False,OIC2020-249E,apt/nb/apt-nb-2f6b466de739caa6a385de768bc00cd0-OIC2020-249E*2020-11-26*Justice_and_Public_Safety-2025-01-27T18:22:47,"249 NOVEMBER 26, 2020 2020-249 Under subsection 26(2) of the Small Claims Act, the Lieutenant Governor in Council appoints the following persons as members of the Small Claims Complaints Committee panel, effective November 26, 2020, for a term of five years: (a) Brooke Gibson, of Fredericton, New Brunswick; (b) Lee V. Mitchell, of New Maryland, New Brunswick; (c) Kailey O'Neil, of Saint John, New Brunswick; (d) Charlie Ross, of Fredericton, New Brunswick; and (e) Thomas Vihvelin, of Saint John, New Brunswick. Brenda L. Murphy Lieutenant-Governor This is to certify that the foregoing is a true copy of an Order of the Lieutenant-Governor in Council of the Je certifie que le document qui precede est une copie conforme d'un decret du lieutenant-gouverneur en conseil Province of New Brunswick, made on the 26 November 2020. de la province du Nouveau-Brunswick, pris le to Secretary Cabinet / Secretaire du Cabinet + ie 5rol»-Y')",https://ijf-next-frontend-git-apt-ijf.vercel.app/appointments/24c080efdb86bb746c77c57044973465
Heather Bursey,member,Health,,nb,2020-11-26,2020-11-26,,3 years,,,True,OIC2020-247E,apt/nb/apt-nb-65091f218f0edab303995eff8bbc7841-OIC2020-247E*2020-11-26*Health-2025-01-27T18:22:47,"247 NOVEMBER 26, 2020 2020-247 1. Under paragraph 5(c) and subsections 6(1) and 6(2) of the Midwifery Act, the Lieutenant-Governor in Council reappoints Tina Edmond of Fredericton, New Brunswick, as a member of the Nurses Association of New Brunswick to the Midwifery Council of New Brunswick, for a term of three years, November 26, 2020. 2. Under paragraph 5(e) and subsections 6(1) and 6(2) of the Midwifery Act, the Lieutenant-Governor in Council reappoints Heather Bursey of Fredericton, New Brunswick, as a member of the Department of Health to the Midwifery Council of New Brunswick, for a term of three years, effective November 26, 2020. 3. Under paragraph 5(d) and subsections 6(1) and 6(2) of the Midwifery Act, the Lieutenant-Governor in Council reappoints Paul Bowman of Fredericton, New Brunswick, as a member of the New Brunswick College of Pharmacists to the Midwifery Council of New Brunswick, for a term ofthree years, effective February 14, 2021. 4. Under paragraph 5(a) and subsection 6(1) of the Midwifery Act, the Lieutenant-Governor in Council appoints Jennifer (Jem) Deguire of Knowlesville, New Brunswick, a registered midwife, to the Midwifery Council of New Brunswick, for a term of three years, effective November 26, 2020. 247 -2 5. Under paragraph 5(b) and subsection 8(1) of the Midwifery Act, the Lieutenant-Governor in Council appoints Dr. Shannon Laity of Fredericton, New Brunswick, as a member of the College of Physicians and Surgeons to the Midwifery Council of New Brunswick, for a term ending August 2, 2022, effective November 26, 2020. 'p Brenda L. Murphy Lieutenant-Governor This is to certify that the foregoing is a true copy of an Order of the Lieutenant-Governor in Council of the Je certifie que le document qui precede est une copie conforme d'un decret du lieutenant-gouverneur en conseil Province of New Brunswick, made on the 26 November 2020. de la province du Nouveau-Brunswick, pris le to Secretary Cabinet / Secretaire du Cabinet /Pta [fun 1%op",https://ijf-next-frontend-git-apt-ijf.vercel.app/appointments/d3c987cbc0d06a2408b6930efe46032b
Jennifer (Jem) Deguire,registered midwife,Health,,nb,2020-11-26,2020-11-26,,3 years,,,False,OIC2020-247E,apt/nb/apt-nb-65091f218f0edab303995eff8bbc7841-OIC2020-247E*2020-11-26*Health-2025-01-27T18:22:47,"247 NOVEMBER 26, 2020 2020-247 1. Under paragraph 5(c) and subsections 6(1) and 6(2) of the Midwifery Act, the Lieutenant-Governor in Council reappoints Tina Edmond of Fredericton, New Brunswick, as a member of the Nurses Association of New Brunswick to the Midwifery Council of New Brunswick, for a term of three years, November 26, 2020. 2. Under paragraph 5(e) and subsections 6(1) and 6(2) of the Midwifery Act, the Lieutenant-Governor in Council reappoints Heather Bursey of Fredericton, New Brunswick, as a member of the Department of Health to the Midwifery Council of New Brunswick, for a term of three years, effective November 26, 2020. 3. Under paragraph 5(d) and subsections 6(1) and 6(2) of the Midwifery Act, the Lieutenant-Governor in Council reappoints Paul Bowman of Fredericton, New Brunswick, as a member of the New Brunswick College of Pharmacists to the Midwifery Council of New Brunswick, for a term ofthree years, effective February 14, 2021. 4. Under paragraph 5(a) and subsection 6(1) of the Midwifery Act, the Lieutenant-Governor in Council appoints Jennifer (Jem) Deguire of Knowlesville, New Brunswick, a registered midwife, to the Midwifery Council of New Brunswick, for a term of three years, effective November 26, 2020. 247 -2 5. Under paragraph 5(b) and subsection 8(1) of the Midwifery Act, the Lieutenant-Governor in Council appoints Dr. Shannon Laity of Fredericton, New Brunswick, as a member of the College of Physicians and Surgeons to the Midwifery Council of New Brunswick, for a term ending August 2, 2022, effective November 26, 2020. 'p Brenda L. Murphy Lieutenant-Governor This is to certify that the foregoing is a true copy of an Order of the Lieutenant-Governor in Council of the Je certifie que le document qui precede est une copie conforme d'un decret du lieutenant-gouverneur en conseil Province of New Brunswick, made on the 26 November 2020. de la province du Nouveau-Brunswick, pris le to Secretary Cabinet / Secretaire du Cabinet /Pta [fun 1%op",https://ijf-next-frontend-git-apt-ijf.vercel.app/appointments/6bea7b08fa51726f4218ee0a13249098
Kailey O'Neil,member,Justice and Public Safety,,nb,2020-11-26,2020-11-26,,5 years,,,False,OIC2020-249E,apt/nb/apt-nb-2f6b466de739caa6a385de768bc00cd0-OIC2020-249E*2020-11-26*Justice_and_Public_Safety-2025-01-27T18:22:47,"249 NOVEMBER 26, 2020 2020-249 Under subsection 26(2) of the Small Claims Act, the Lieutenant Governor in Council appoints the following persons as members of the Small Claims Complaints Committee panel, effective November 26, 2020, for a term of five years: (a) Brooke Gibson, of Fredericton, New Brunswick; (b) Lee V. Mitchell, of New Maryland, New Brunswick; (c) Kailey O'Neil, of Saint John, New Brunswick; (d) Charlie Ross, of Fredericton, New Brunswick; and (e) Thomas Vihvelin, of Saint John, New Brunswick. Brenda L. Murphy Lieutenant-Governor This is to certify that the foregoing is a true copy of an Order of the Lieutenant-Governor in Council of the Je certifie que le document qui precede est une copie conforme d'un decret du lieutenant-gouverneur en conseil Province of New Brunswick, made on the 26 November 2020. de la province du Nouveau-Brunswick, pris le to Secretary Cabinet / Secretaire du Cabinet + ie 5rol»-Y')",https://ijf-next-frontend-git-apt-ijf.vercel.app/appointments/963de4c8d0fc08f9edd79880703b25ff
Kent Fox,member,Justice and Public Safety,,nb,2020-11-26,2020-11-26,,5 years,,,False,OIC2020-248E,apt/nb/apt-nb-ce0a44e31313f93b4075390056c4e8fe-OIC2020-248E*2020-11-26*Justice_and_Public_Safety-2025-01-27T18:22:47,"248 NOVEMBER 26, 2020 2020-248 1. Under paragraph 6.1 (1 )(e) of the Provincial Court Act, the Lieutenant-Governor in Council appoints the following persons as members of the Judicial Council, effective November 26, 2020, for a term of five years: (a) Anne Bard-Lavigne of Beresford, New Brunswick; (b) Kent Fox of Fredericton, New Brunswick; and (c) Neil Vibert of Miscou, New Brunswick. 2. Under paragraph 6.1 (1 )(e) of the Provincial Court Act, the Lieutenant-Governor in Council revokes: (a) Order in Council 2003-98 dated April 10, 2003; and (b) section 1 of Order in Council 2003-301 dated September 18, 2003. Brenda L. Murphy Lieutenant-Governor This is to certify that the foregoing is a true copy of an Order of the Lieutenant-Governor in Council of the Je certifie que le document qui precede est une copie conforme d'un decret du lieutenant-gouverneur en conseil Province of New Brunswick, made on the 26 November 2020. de la province du Nouveau-Brunswick, pris le Secretary to Cabinet / Secretaire du Cabinet",https://ijf-next-frontend-git-apt-ijf.vercel.app/appointments/3786847b56458b7492d77bcc44c8c921
Lee V. Mitchell,member,Justice and Public Safety,,nb,2020-11-26,2020-11-26,,5 years,,,False,OIC2020-249E,apt/nb/apt-nb-2f6b466de739caa6a385de768bc00cd0-OIC2020-249E*2020-11-26*Justice_and_Public_Safety-2025-01-27T18:22:47,"249 NOVEMBER 26, 2020 2020-249 Under subsection 26(2) of the Small Claims Act, the Lieutenant Governor in Council appoints the following persons as members of the Small Claims Complaints Committee panel, effective November 26, 2020, for a term of five years: (a) Brooke Gibson, of Fredericton, New Brunswick; (b) Lee V. Mitchell, of New Maryland, New Brunswick; (c) Kailey O'Neil, of Saint John, New Brunswick; (d) Charlie Ross, of Fredericton, New Brunswick; and (e) Thomas Vihvelin, of Saint John, New Brunswick. Brenda L. Murphy Lieutenant-Governor This is to certify that the foregoing is a true copy of an Order of the Lieutenant-Governor in Council of the Je certifie que le document qui precede est une copie conforme d'un decret du lieutenant-gouverneur en conseil Province of New Brunswick, made on the 26 November 2020. de la province du Nouveau-Brunswick, pris le to Secretary Cabinet / Secretaire du Cabinet + ie 5rol»-Y')",https://ijf-next-frontend-git-apt-ijf.vercel.app/appointments/4197121a612f9f3e32db9a892014caeb
Neil Vibert,member,Justice and Public Safety,,nb,2020-11-26,2020-11-26,,5 years,,,False,OIC2020-248E,apt/nb/apt-nb-ce0a44e31313f93b4075390056c4e8fe-OIC2020-248E*2020-11-26*Justice_and_Public_Safety-2025-01-27T18:22:47,"248 NOVEMBER 26, 2020 2020-248 1. Under paragraph 6.1 (1 )(e) of the Provincial Court Act, the Lieutenant-Governor in Council appoints the following persons as members of the Judicial Council, effective November 26, 2020, for a term of five years: (a) Anne Bard-Lavigne of Beresford, New Brunswick; (b) Kent Fox of Fredericton, New Brunswick; and (c) Neil Vibert of Miscou, New Brunswick. 2. Under paragraph 6.1 (1 )(e) of the Provincial Court Act, the Lieutenant-Governor in Council revokes: (a) Order in Council 2003-98 dated April 10, 2003; and (b) section 1 of Order in Council 2003-301 dated September 18, 2003. Brenda L. Murphy Lieutenant-Governor This is to certify that the foregoing is a true copy of an Order of the Lieutenant-Governor in Council of the Je certifie que le document qui precede est une copie conforme d'un decret du lieutenant-gouverneur en conseil Province of New Brunswick, made on the 26 November 2020. de la province du Nouveau-Brunswick, pris le Secretary to Cabinet / Secretaire du Cabinet",https://ijf-next-frontend-git-apt-ijf.vercel.app/appointments/9fd80c6d6177d228756ee8ecbbafc76d
Paul Bowman,member,Health,,nb,2020-11-26,2021-02-14,,3 years,,,True,OIC2020-247E,apt/nb/apt-nb-65091f218f0edab303995eff8bbc7841-OIC2020-247E*2020-11-26*Health-2025-01-27T18:22:47,"247 NOVEMBER 26, 2020 2020-247 1. Under paragraph 5(c) and subsections 6(1) and 6(2) of the Midwifery Act, the Lieutenant-Governor in Council reappoints Tina Edmond of Fredericton, New Brunswick, as a member of the Nurses Association of New Brunswick to the Midwifery Council of New Brunswick, for a term of three years, November 26, 2020. 2. Under paragraph 5(e) and subsections 6(1) and 6(2) of the Midwifery Act, the Lieutenant-Governor in Council reappoints Heather Bursey of Fredericton, New Brunswick, as a member of the Department of Health to the Midwifery Council of New Brunswick, for a term of three years, effective November 26, 2020. 3. Under paragraph 5(d) and subsections 6(1) and 6(2) of the Midwifery Act, the Lieutenant-Governor in Council reappoints Paul Bowman of Fredericton, New Brunswick, as a member of the New Brunswick College of Pharmacists to the Midwifery Council of New Brunswick, for a term ofthree years, effective February 14, 2021. 4. Under paragraph 5(a) and subsection 6(1) of the Midwifery Act, the Lieutenant-Governor in Council appoints Jennifer (Jem) Deguire of Knowlesville, New Brunswick, a registered midwife, to the Midwifery Council of New Brunswick, for a term of three years, effective November 26, 2020. 247 -2 5. Under paragraph 5(b) and subsection 8(1) of the Midwifery Act, the Lieutenant-Governor in Council appoints Dr. Shannon Laity of Fredericton, New Brunswick, as a member of the College of Physicians and Surgeons to the Midwifery Council of New Brunswick, for a term ending August 2, 2022, effective November 26, 2020. 'p Brenda L. Murphy Lieutenant-Governor This is to certify that the foregoing is a true copy of an Order of the Lieutenant-Governor in Council of the Je certifie que le document qui precede est une copie conforme d'un decret du lieutenant-gouverneur en conseil Province of New Brunswick, made on the 26 November 2020. de la province du Nouveau-Brunswick, pris le to Secretary Cabinet / Secretaire du Cabinet /Pta [fun 1%op",https://ijf-next-frontend-git-apt-ijf.vercel.app/appointments/a7a9c20880de2b06db26c0253a61f036
Shannon Laity,member,Health,,nb,2020-11-26,2020-11-26,2022-08-02,1 years and 8 months,,,False,OIC2020-247E,apt/nb/apt-nb-65091f218f0edab303995eff8bbc7841-OIC2020-247E*2020-11-26*Health-2025-01-27T18:22:47,"247 NOVEMBER 26, 2020 2020-247 1. Under paragraph 5(c) and subsections 6(1) and 6(2) of the Midwifery Act, the Lieutenant-Governor in Council reappoints Tina Edmond of Fredericton, New Brunswick, as a member of the Nurses Association of New Brunswick to the Midwifery Council of New Brunswick, for a term of three years, November 26, 2020. 2. Under paragraph 5(e) and subsections 6(1) and 6(2) of the Midwifery Act, the Lieutenant-Governor in Council reappoints Heather Bursey of Fredericton, New Brunswick, as a member of the Department of Health to the Midwifery Council of New Brunswick, for a term of three years, effective November 26, 2020. 3. Under paragraph 5(d) and subsections 6(1) and 6(2) of the Midwifery Act, the Lieutenant-Governor in Council reappoints Paul Bowman of Fredericton, New Brunswick, as a member of the New Brunswick College of Pharmacists to the Midwifery Council of New Brunswick, for a term ofthree years, effective February 14, 2021. 4. Under paragraph 5(a) and subsection 6(1) of the Midwifery Act, the Lieutenant-Governor in Council appoints Jennifer (Jem) Deguire of Knowlesville, New Brunswick, a registered midwife, to the Midwifery Council of New Brunswick, for a term of three years, effective November 26, 2020. 247 -2 5. Under paragraph 5(b) and subsection 8(1) of the Midwifery Act, the Lieutenant-Governor in Council appoints Dr. Shannon Laity of Fredericton, New Brunswick, as a member of the College of Physicians and Surgeons to the Midwifery Council of New Brunswick, for a term ending August 2, 2022, effective November 26, 2020. 'p Brenda L. Murphy Lieutenant-Governor This is to certify that the foregoing is a true copy of an Order of the Lieutenant-Governor in Council of the Je certifie que le document qui precede est une copie conforme d'un decret du lieutenant-gouverneur en conseil Province of New Brunswick, made on the 26 November 2020. de la province du Nouveau-Brunswick, pris le to Secretary Cabinet / Secretaire du Cabinet /Pta [fun 1%op",https://ijf-next-frontend-git-apt-ijf.vercel.app/appointments/d9a6840e43a8c3b1e8e0308b41eb5b08
Thomas Vihvelin,member,Justice and Public Safety,,nb,2020-11-26,2020-11-26,,5 years,,,False,OIC2020-249E,apt/nb/apt-nb-2f6b466de739caa6a385de768bc00cd0-OIC2020-249E*2020-11-26*Justice_and_Public_Safety-2025-01-27T18:22:47,"249 NOVEMBER 26, 2020 2020-249 Under subsection 26(2) of the Small Claims Act, the Lieutenant Governor in Council appoints the following persons as members of the Small Claims Complaints Committee panel, effective November 26, 2020, for a term of five years: (a) Brooke Gibson, of Fredericton, New Brunswick; (b) Lee V. Mitchell, of New Maryland, New Brunswick; (c) Kailey O'Neil, of Saint John, New Brunswick; (d) Charlie Ross, of Fredericton, New Brunswick; and (e) Thomas Vihvelin, of Saint John, New Brunswick. Brenda L. Murphy Lieutenant-Governor This is to certify that the foregoing is a true copy of an Order of the Lieutenant-Governor in Council of the Je certifie que le document qui precede est une copie conforme d'un decret du lieutenant-gouverneur en conseil Province of New Brunswick, made on the 26 November 2020. de la province du Nouveau-Brunswick, pris le to Secretary Cabinet / Secretaire du Cabinet + ie 5rol»-Y')",https://ijf-next-frontend-git-apt-ijf.vercel.app/appointments/a01ef38b6e309b299a3aa7e25159a226
Tina Edmond,member,Health,,nb,2020-11-26,2020-11-26,,3 years,,,True,OIC2020-247E,apt/nb/apt-nb-65091f218f0edab303995eff8bbc7841-OIC2020-247E*2020-11-26*Health-2025-01-27T18:22:47,"247 NOVEMBER 26, 2020 2020-247 1. Under paragraph 5(c) and subsections 6(1) and 6(2) of the Midwifery Act, the Lieutenant-Governor in Council reappoints Tina Edmond of Fredericton, New Brunswick, as a member of the Nurses Association of New Brunswick to the Midwifery Council of New Brunswick, for a term of three years, November 26, 2020. 2. Under paragraph 5(e) and subsections 6(1) and 6(2) of the Midwifery Act, the Lieutenant-Governor in Council reappoints Heather Bursey of Fredericton, New Brunswick, as a member of the Department of Health to the Midwifery Council of New Brunswick, for a term of three years, effective November 26, 2020. 3. Under paragraph 5(d) and subsections 6(1) and 6(2) of the Midwifery Act, the Lieutenant-Governor in Council reappoints Paul Bowman of Fredericton, New Brunswick, as a member of the New Brunswick College of Pharmacists to the Midwifery Council of New Brunswick, for a term ofthree years, effective February 14, 2021. 4. Under paragraph 5(a) and subsection 6(1) of the Midwifery Act, the Lieutenant-Governor in Council appoints Jennifer (Jem) Deguire of Knowlesville, New Brunswick, a registered midwife, to the Midwifery Council of New Brunswick, for a term of three years, effective November 26, 2020. 247 -2 5. Under paragraph 5(b) and subsection 8(1) of the Midwifery Act, the Lieutenant-Governor in Council appoints Dr. Shannon Laity of Fredericton, New Brunswick, as a member of the College of Physicians and Surgeons to the Midwifery Council of New Brunswick, for a term ending August 2, 2022, effective November 26, 2020. 'p Brenda L. Murphy Lieutenant-Governor This is to certify that the foregoing is a true copy of an Order of the Lieutenant-Governor in Council of the Je certifie que le document qui precede est une copie conforme d'un decret du lieutenant-gouverneur en conseil Province of New Brunswick, made on the 26 November 2020. de la province du Nouveau-Brunswick, pris le to Secretary Cabinet / Secretaire du Cabinet /Pta [fun 1%op",https://ijf-next-frontend-git-apt-ijf.vercel.app/appointments/2a9b34971db56d00065ce6792caf8299
Cade Libby,Deputy Minister,Executive Council Office,,nb,2020-12-03,2020-12-03,,,,,False,OIC2020-264E,apt/nb/apt-nb-d1317d207afbe80da8c119bf38c4ee7b-OIC2020-264E*2020-12-03*Executive_Council_Office-2025-01-27T18:22:47,"264 DECEMBER 3, 2020 2020-264 1. Under section 3 ofthe Civil Service Act, the Lieutenant-Governor in Council appoints Cade Libby as Deputy Minister of Aboriginal Affairs, effective December 3, 2020, in place of Sadie Perron. 2. Under section 3 of the Civil Service Act and section 27 of the Interpretation Act, the Lieutenant-Governor in Council revokes section 4 of Order in Council 2020-200 dated October 1, 2020. Brenda L. Murphy Lieutenant-Governor This is to certify that the foregoing is a true copy of an Order of the Lieutenant-Governor in Council of the Je certifie que le document qui precede est une copie conforme d'un decret du lieutenant-gouverneur en conseil Province of New Brunswick, made on the 3 December 2020. de la province du Nouveau-Brunswick, pris le Secretary to Cabinet / Secretaire du Cabinet late.Sen-1yo",https://ijf-next-frontend-git-apt-ijf.vercel.app/appointments/2fb03464d5ffef2de67d0d713c4caaed
Francis Rioux,Member of the Municipal Capital Borrowing Board,Executive Council Office,,nb,2020-12-03,2020-12-03,,,,,False,OIC2020-265E,apt/nb/apt-nb-ebb80325b2040014f8f78b60e1e516d7-OIC2020-265E*2020-12-03*Executive_Council_Office-2025-01-27T18:22:47,"265 DECEMBER 3, 2020 2020-265 1. Under section 2 of the Control of Municipalities Act, the Lieutenant-Governor in Council appoints Ryan Donaghy of Fredericton, New Brunswick, as the Commissioner of Municipal Affairs, effective December 3, 2020. 2. Under section 2 of the Control of Municipalities Act and section 26 of the Interpretation Act, the Lieutenant-Governor in Council revokes section 1 of Order in Council 2020-123 dated June 9, 2020. 3. Under subsection 2(1) of the Municipal Capital Borrowing Act, the Lieutenant-Governor in Council appoints Ryan Donaghy of Fredericton, New Brunswick, as a member and designates him as Chairman of the Municipal Capital Borrowing Board, effective December 3, 2020. 4. Under subsection 2(1) of the Municipal Capital Borrowing Act, the Lieutenant-Governor in Council appoints Francis Rioux of Fredericton, New Brunswick, as a member of the Municipal Capital Borrowing Board, effective December 3, 2020. 5. Under subsection 2(1) of the Municipal Capital Borrowing Act and section 26 of the Interpretation Act, the Lieutenant-Governor in Council revokes section 2 of Order in Council 2020-123 dated June 9, 2020. 6. Under subsection 2(1) of the Municipal Capital Borrowing Act and section 26 of the Interpretation Act, the Lieutenant-Governor in Council revokes section 1 of Order in Council 2009-350 dated August 27, 2009. 265 - 2 7. Under section 2 of the Regional Development Corporation Act, the Lieutenant-Governor in Council appoints Tom Macfarlane of Fredericton, New Brunswick, as a director of the Regional Development Corporation, effective December 3, 2020. 8. Under section 2 of the Regional Development Corporation Act, the Lieutenant-Governor in Council appoints Yennah Hurley of Fredericton, New Brunswick, as a director of the Regional Development Corporation, effective December 3, 2020. 9. Under section 2 of the Regional Development Corporation Act and section 26 of the Interpretation Act, the Lieutenant-Governor in Council revokes paragraph 1 (a) of Order in Council 2015-239 dated October 7, 2015. Brenda L. Murphy Lieutenant-Governor This is to certify that the foregoing is a true copy of an Order of the Lieutenant-Governor in Council of the Je certifie que le document qui precede est une copie conforme d'un decret du lieutenant-gouverneur en conseil Province of New Brunswick, made on the 3 December 2020. de la province du Nouveau-Brunswick, pris le Se,crectaary. toa Ccaebinet / Secretaire du Cabinet 2y«ray- sen",https://ijf-next-frontend-git-apt-ijf.vercel.app/appointments/f0618aa35bd736f2ca0eca1ac0680dad
Jordan Lavoie,member representing employers,Post-Secondary Education Training and Labour,,nb,2020-12-03,2020-12-03,,3 years,,,False,OIC2020-253E,apt/nb/apt-nb-a4d44bd39e4f6380651a228835bf8d95-OIC2020-253E*2020-12-03*Post-Secondary_Education_Training_and_Labour-2025-01-27T18:22:47,"253 DECEMBER 3, 2020 2020-253 1. Under subsection 6(1) and paragraphs 4(1)(a) and 4(2)(a) of the Apprenticeship and Occupational Certification Act, the Lieutenant-Governor in Council appoints Jordan Lavoie, of Miramichi, New Brunswick, as a member of the Apprenticeship and Occupational Certification Board representing employers for a term of three years, effective December 3, 2020. 2. Under section 26 of the Interpretation Act and paragraphs 4(1 )(a) and 4(2)(a) of the Apprenticeship and Occupational Certification Act, the Lieutenant-Governor in Council revokes Order in Council 2019-15, dated January 30, 2019. e2, Brenda L. Murphy Lieutenant-Governor This is to certify that the foregoing is a true copy of an Order of the Lieutenant-Governor in Council of the Je certifie que le document qui precede est une copie conforme d'un decret du lieutenant-gouverneur en conseil Province of New Brunswick, made on the 3 December 2020. de la province du Nouveau-Brunswick, pris le",https://ijf-next-frontend-git-apt-ijf.vercel.app/appointments/ac2d23f45def9a2f8d837bf744ecd9c2
Ryan Donaghy,Chairman of the Municipal Capital Borrowing Board,Executive Council Office,,nb,2020-12-03,2020-12-03,,,,,False,OIC2020-265E,apt/nb/apt-nb-ebb80325b2040014f8f78b60e1e516d7-OIC2020-265E*2020-12-03*Executive_Council_Office-2025-01-27T18:22:47,"265 DECEMBER 3, 2020 2020-265 1. Under section 2 of the Control of Municipalities Act, the Lieutenant-Governor in Council appoints Ryan Donaghy of Fredericton, New Brunswick, as the Commissioner of Municipal Affairs, effective December 3, 2020. 2. Under section 2 of the Control of Municipalities Act and section 26 of the Interpretation Act, the Lieutenant-Governor in Council revokes section 1 of Order in Council 2020-123 dated June 9, 2020. 3. Under subsection 2(1) of the Municipal Capital Borrowing Act, the Lieutenant-Governor in Council appoints Ryan Donaghy of Fredericton, New Brunswick, as a member and designates him as Chairman of the Municipal Capital Borrowing Board, effective December 3, 2020. 4. Under subsection 2(1) of the Municipal Capital Borrowing Act, the Lieutenant-Governor in Council appoints Francis Rioux of Fredericton, New Brunswick, as a member of the Municipal Capital Borrowing Board, effective December 3, 2020. 5. Under subsection 2(1) of the Municipal Capital Borrowing Act and section 26 of the Interpretation Act, the Lieutenant-Governor in Council revokes section 2 of Order in Council 2020-123 dated June 9, 2020. 6. Under subsection 2(1) of the Municipal Capital Borrowing Act and section 26 of the Interpretation Act, the Lieutenant-Governor in Council revokes section 1 of Order in Council 2009-350 dated August 27, 2009. 265 - 2 7. Under section 2 of the Regional Development Corporation Act, the Lieutenant-Governor in Council appoints Tom Macfarlane of Fredericton, New Brunswick, as a director of the Regional Development Corporation, effective December 3, 2020. 8. Under section 2 of the Regional Development Corporation Act, the Lieutenant-Governor in Council appoints Yennah Hurley of Fredericton, New Brunswick, as a director of the Regional Development Corporation, effective December 3, 2020. 9. Under section 2 of the Regional Development Corporation Act and section 26 of the Interpretation Act, the Lieutenant-Governor in Council revokes paragraph 1 (a) of Order in Council 2015-239 dated October 7, 2015. Brenda L. Murphy Lieutenant-Governor This is to certify that the foregoing is a true copy of an Order of the Lieutenant-Governor in Council of the Je certifie que le document qui precede est une copie conforme d'un decret du lieutenant-gouverneur en conseil Province of New Brunswick, made on the 3 December 2020. de la province du Nouveau-Brunswick, pris le Se,crectaary. toa Ccaebinet / Secretaire du Cabinet 2y«ray- sen",https://ijf-next-frontend-git-apt-ijf.vercel.app/appointments/1e5c61feae5d03c7ae4765dc08e8f0a7
Ryan Donaghy,Commissioner of Municipal Affairs,Executive Council Office,,nb,2020-12-03,2020-12-03,,,,,False,OIC2020-265E,apt/nb/apt-nb-ebb80325b2040014f8f78b60e1e516d7-OIC2020-265E*2020-12-03*Executive_Council_Office-2025-01-27T18:22:47,"265 DECEMBER 3, 2020 2020-265 1. Under section 2 of the Control of Municipalities Act, the Lieutenant-Governor in Council appoints Ryan Donaghy of Fredericton, New Brunswick, as the Commissioner of Municipal Affairs, effective December 3, 2020. 2. Under section 2 of the Control of Municipalities Act and section 26 of the Interpretation Act, the Lieutenant-Governor in Council revokes section 1 of Order in Council 2020-123 dated June 9, 2020. 3. Under subsection 2(1) of the Municipal Capital Borrowing Act, the Lieutenant-Governor in Council appoints Ryan Donaghy of Fredericton, New Brunswick, as a member and designates him as Chairman of the Municipal Capital Borrowing Board, effective December 3, 2020. 4. Under subsection 2(1) of the Municipal Capital Borrowing Act, the Lieutenant-Governor in Council appoints Francis Rioux of Fredericton, New Brunswick, as a member of the Municipal Capital Borrowing Board, effective December 3, 2020. 5. Under subsection 2(1) of the Municipal Capital Borrowing Act and section 26 of the Interpretation Act, the Lieutenant-Governor in Council revokes section 2 of Order in Council 2020-123 dated June 9, 2020. 6. Under subsection 2(1) of the Municipal Capital Borrowing Act and section 26 of the Interpretation Act, the Lieutenant-Governor in Council revokes section 1 of Order in Council 2009-350 dated August 27, 2009. 265 - 2 7. Under section 2 of the Regional Development Corporation Act, the Lieutenant-Governor in Council appoints Tom Macfarlane of Fredericton, New Brunswick, as a director of the Regional Development Corporation, effective December 3, 2020. 8. Under section 2 of the Regional Development Corporation Act, the Lieutenant-Governor in Council appoints Yennah Hurley of Fredericton, New Brunswick, as a director of the Regional Development Corporation, effective December 3, 2020. 9. Under section 2 of the Regional Development Corporation Act and section 26 of the Interpretation Act, the Lieutenant-Governor in Council revokes paragraph 1 (a) of Order in Council 2015-239 dated October 7, 2015. Brenda L. Murphy Lieutenant-Governor This is to certify that the foregoing is a true copy of an Order of the Lieutenant-Governor in Council of the Je certifie que le document qui precede est une copie conforme d'un decret du lieutenant-gouverneur en conseil Province of New Brunswick, made on the 3 December 2020. de la province du Nouveau-Brunswick, pris le Se,crectaary. toa Ccaebinet / Secretaire du Cabinet 2y«ray- sen",https://ijf-next-frontend-git-apt-ijf.vercel.app/appointments/3c8a4410acca276a99272513f64362ef
Tom Macfarlane,Director of the Regional Development Corporation,Executive Council Office,,nb,2020-12-03,2020-12-03,,,,,False,OIC2020-265E,apt/nb/apt-nb-ebb80325b2040014f8f78b60e1e516d7-OIC2020-265E*2020-12-03*Executive_Council_Office-2025-01-27T18:22:47,"265 DECEMBER 3, 2020 2020-265 1. Under section 2 of the Control of Municipalities Act, the Lieutenant-Governor in Council appoints Ryan Donaghy of Fredericton, New Brunswick, as the Commissioner of Municipal Affairs, effective December 3, 2020. 2. Under section 2 of the Control of Municipalities Act and section 26 of the Interpretation Act, the Lieutenant-Governor in Council revokes section 1 of Order in Council 2020-123 dated June 9, 2020. 3. Under subsection 2(1) of the Municipal Capital Borrowing Act, the Lieutenant-Governor in Council appoints Ryan Donaghy of Fredericton, New Brunswick, as a member and designates him as Chairman of the Municipal Capital Borrowing Board, effective December 3, 2020. 4. Under subsection 2(1) of the Municipal Capital Borrowing Act, the Lieutenant-Governor in Council appoints Francis Rioux of Fredericton, New Brunswick, as a member of the Municipal Capital Borrowing Board, effective December 3, 2020. 5. Under subsection 2(1) of the Municipal Capital Borrowing Act and section 26 of the Interpretation Act, the Lieutenant-Governor in Council revokes section 2 of Order in Council 2020-123 dated June 9, 2020. 6. Under subsection 2(1) of the Municipal Capital Borrowing Act and section 26 of the Interpretation Act, the Lieutenant-Governor in Council revokes section 1 of Order in Council 2009-350 dated August 27, 2009. 265 - 2 7. Under section 2 of the Regional Development Corporation Act, the Lieutenant-Governor in Council appoints Tom Macfarlane of Fredericton, New Brunswick, as a director of the Regional Development Corporation, effective December 3, 2020. 8. Under section 2 of the Regional Development Corporation Act, the Lieutenant-Governor in Council appoints Yennah Hurley of Fredericton, New Brunswick, as a director of the Regional Development Corporation, effective December 3, 2020. 9. Under section 2 of the Regional Development Corporation Act and section 26 of the Interpretation Act, the Lieutenant-Governor in Council revokes paragraph 1 (a) of Order in Council 2015-239 dated October 7, 2015. Brenda L. Murphy Lieutenant-Governor This is to certify that the foregoing is a true copy of an Order of the Lieutenant-Governor in Council of the Je certifie que le document qui precede est une copie conforme d'un decret du lieutenant-gouverneur en conseil Province of New Brunswick, made on the 3 December 2020. de la province du Nouveau-Brunswick, pris le Se,crectaary. toa Ccaebinet / Secretaire du Cabinet 2y«ray- sen",https://ijf-next-frontend-git-apt-ijf.vercel.app/appointments/b4bc3a3c0b500c14afc03909f6012e97
Yennah Hurley,Director of the Regional Development Corporation,Executive Council Office,,nb,2020-12-03,2020-12-03,,,,,False,OIC2020-265E,apt/nb/apt-nb-ebb80325b2040014f8f78b60e1e516d7-OIC2020-265E*2020-12-03*Executive_Council_Office-2025-01-27T18:22:47,"265 DECEMBER 3, 2020 2020-265 1. Under section 2 of the Control of Municipalities Act, the Lieutenant-Governor in Council appoints Ryan Donaghy of Fredericton, New Brunswick, as the Commissioner of Municipal Affairs, effective December 3, 2020. 2. Under section 2 of the Control of Municipalities Act and section 26 of the Interpretation Act, the Lieutenant-Governor in Council revokes section 1 of Order in Council 2020-123 dated June 9, 2020. 3. Under subsection 2(1) of the Municipal Capital Borrowing Act, the Lieutenant-Governor in Council appoints Ryan Donaghy of Fredericton, New Brunswick, as a member and designates him as Chairman of the Municipal Capital Borrowing Board, effective December 3, 2020. 4. Under subsection 2(1) of the Municipal Capital Borrowing Act, the Lieutenant-Governor in Council appoints Francis Rioux of Fredericton, New Brunswick, as a member of the Municipal Capital Borrowing Board, effective December 3, 2020. 5. Under subsection 2(1) of the Municipal Capital Borrowing Act and section 26 of the Interpretation Act, the Lieutenant-Governor in Council revokes section 2 of Order in Council 2020-123 dated June 9, 2020. 6. Under subsection 2(1) of the Municipal Capital Borrowing Act and section 26 of the Interpretation Act, the Lieutenant-Governor in Council revokes section 1 of Order in Council 2009-350 dated August 27, 2009. 265 - 2 7. Under section 2 of the Regional Development Corporation Act, the Lieutenant-Governor in Council appoints Tom Macfarlane of Fredericton, New Brunswick, as a director of the Regional Development Corporation, effective December 3, 2020. 8. Under section 2 of the Regional Development Corporation Act, the Lieutenant-Governor in Council appoints Yennah Hurley of Fredericton, New Brunswick, as a director of the Regional Development Corporation, effective December 3, 2020. 9. Under section 2 of the Regional Development Corporation Act and section 26 of the Interpretation Act, the Lieutenant-Governor in Council revokes paragraph 1 (a) of Order in Council 2015-239 dated October 7, 2015. Brenda L. Murphy Lieutenant-Governor This is to certify that the foregoing is a true copy of an Order of the Lieutenant-Governor in Council of the Je certifie que le document qui precede est une copie conforme d'un decret du lieutenant-gouverneur en conseil Province of New Brunswick, made on the 3 December 2020. de la province du Nouveau-Brunswick, pris le Se,crectaary. toa Ccaebinet / Secretaire du Cabinet 2y«ray- sen",https://ijf-next-frontend-git-apt-ijf.vercel.app/appointments/6025e603d4e6fb478c9e718e09ceeb15
Andree Poitras,Vice-Chair,Education and Early Childhood Development,,nb,2020-12-17,2020-12-17,,3 years,,,False,OIC2020-268E,apt/nb/apt-nb-0ad855f776508f3a9e07a3e84421a01d-OIC2020-268E*2020-12-17*Education_and_Early_Childhood_Development-2025-01-27T18:22:47,"268 DECEMBER 17, 2020 2020-268 1. Under subsection 31(1) of the Education Act and paragraph 21 (1 )(a) and subsection 21(4) of New Brunswick Regulation 2004-8, the Teacher Certification Regulation under the Education Act, the Lieutenant Governor in Council reappoints Johanne Theriault, Bathurst, New Brunswick, as Chair of the Appeal Board on Teacher Certification, for a term of three years, effective December 17, 2020. 2. Under subsection 31(1) of the Education Act and paragraph 21 (1 )(b) and subsection 21 (4) of New Brunswick Regulation 2004-8, the Teacher Certification Regulation under the Education Act, the Lieutenant Governor in Council appoints the following persons as Vice-Chairs of the Appeal Board on Teacher Certification, for a term of three years, effective December 17, 2020: (a) Bert Cyr, Dieppe, New Brunswick, representing the English language; and (b) Andree Poitras, Grand Falls, New Brunswick, representing the French language. 3. Under subsection 31 (1) of the Education Act and paragraph 21 (1 )(c) and subsection 21(4) of New Brunswick Regulation 2004-8, the Teacher Certification Regulation under the Education Act, the Lieutenant Governor in Council appoints the following persons as members of the Appeal Board on Teacher Certification, for a term of three years, effective December 17, 2020: (a) Cheryl Richardson, Miramichi, New Brunswick; (b) Ellen Culbert, Woodstock, New Brunswick; and (c) Laurie Laforge, Grand Falls, New Brunswick. 268 -2 4. Under subsection 31 (1) of the Education Act and paragraph 21(1)(d) and subsection 21(4) of New Brunswick Regulation 2004-8, the Teacher Certification Regulation under the Education Act, the Lieutenant Governor in Council appoints the following persons as members of the Appeal Board on Teacher Certification, for a term of three years, effective December 17, 2020: (a) Caroline Cormier, Saint John, New Brunswick; (b) Denis-Andre Ward, Caraquet, New Brunswick; and (c) Mylene Broquet, Quispamsis, New Brunswick. 5. Under subsection 31 (1) of the Education Act, subsection 21 (4) and paragraph 21(1)(e) of New Brunswick Regulation 2004-8, the Teacher Certification Regulation under the Education Act, the Lieutenant-Governor in Council appoints Thomas Geburt, Oromocto, New Brunswick as a member of the Appeal Board on Teacher Certification to represent the public, for a term of three years, effective December 17, 2020: 6. Under subsection 31(1) of the Education Act and subsection 21 (4) and paragraph 21 (1 )(f) of New Brunswick Regulation 2004-8, the Teacher Certification Regulation under the Education Act, the Lieutenant Governor in Council reappoints the following persons as members of the Appeal Board on Teacher Certification to represent the public, for a term of three years, effective December 17, 2020: (a) Steeve Savoie, Kedgwick, New Brunswick; and (b) Michel Cote, Dieppe, New Brunswick. Ppr,, Brenda L. Murphy Lieutenant-Governor This is to certify that the foregoing is a true copy of an Order of the Lieutenant-Governor in Council of the Je certifie que le document qui precede est une copie conforme d'un decret du lieutenant-gouverneur en conseil Province of New Brunswick, made on the 17 December 2020. de la province du Nouveau-Brunswick, pris le Secrgtary to Cabinet / Secretaire du Cabinet /eha 6r )0[4/y-",https://ijf-next-frontend-git-apt-ijf.vercel.app/appointments/700f62188ea5d3417bcec5920f2961e9
Bert Cyr,Vice-Chair,Education and Early Childhood Development,,nb,2020-12-17,2020-12-17,,3 years,,,False,OIC2020-268E,apt/nb/apt-nb-0ad855f776508f3a9e07a3e84421a01d-OIC2020-268E*2020-12-17*Education_and_Early_Childhood_Development-2025-01-27T18:22:47,"268 DECEMBER 17, 2020 2020-268 1. Under subsection 31(1) of the Education Act and paragraph 21 (1 )(a) and subsection 21(4) of New Brunswick Regulation 2004-8, the Teacher Certification Regulation under the Education Act, the Lieutenant Governor in Council reappoints Johanne Theriault, Bathurst, New Brunswick, as Chair of the Appeal Board on Teacher Certification, for a term of three years, effective December 17, 2020. 2. Under subsection 31(1) of the Education Act and paragraph 21 (1 )(b) and subsection 21 (4) of New Brunswick Regulation 2004-8, the Teacher Certification Regulation under the Education Act, the Lieutenant Governor in Council appoints the following persons as Vice-Chairs of the Appeal Board on Teacher Certification, for a term of three years, effective December 17, 2020: (a) Bert Cyr, Dieppe, New Brunswick, representing the English language; and (b) Andree Poitras, Grand Falls, New Brunswick, representing the French language. 3. Under subsection 31 (1) of the Education Act and paragraph 21 (1 )(c) and subsection 21(4) of New Brunswick Regulation 2004-8, the Teacher Certification Regulation under the Education Act, the Lieutenant Governor in Council appoints the following persons as members of the Appeal Board on Teacher Certification, for a term of three years, effective December 17, 2020: (a) Cheryl Richardson, Miramichi, New Brunswick; (b) Ellen Culbert, Woodstock, New Brunswick; and (c) Laurie Laforge, Grand Falls, New Brunswick. 268 -2 4. Under subsection 31 (1) of the Education Act and paragraph 21(1)(d) and subsection 21(4) of New Brunswick Regulation 2004-8, the Teacher Certification Regulation under the Education Act, the Lieutenant Governor in Council appoints the following persons as members of the Appeal Board on Teacher Certification, for a term of three years, effective December 17, 2020: (a) Caroline Cormier, Saint John, New Brunswick; (b) Denis-Andre Ward, Caraquet, New Brunswick; and (c) Mylene Broquet, Quispamsis, New Brunswick. 5. Under subsection 31 (1) of the Education Act, subsection 21 (4) and paragraph 21(1)(e) of New Brunswick Regulation 2004-8, the Teacher Certification Regulation under the Education Act, the Lieutenant-Governor in Council appoints Thomas Geburt, Oromocto, New Brunswick as a member of the Appeal Board on Teacher Certification to represent the public, for a term of three years, effective December 17, 2020: 6. Under subsection 31(1) of the Education Act and subsection 21 (4) and paragraph 21 (1 )(f) of New Brunswick Regulation 2004-8, the Teacher Certification Regulation under the Education Act, the Lieutenant Governor in Council reappoints the following persons as members of the Appeal Board on Teacher Certification to represent the public, for a term of three years, effective December 17, 2020: (a) Steeve Savoie, Kedgwick, New Brunswick; and (b) Michel Cote, Dieppe, New Brunswick. Ppr,, Brenda L. Murphy Lieutenant-Governor This is to certify that the foregoing is a true copy of an Order of the Lieutenant-Governor in Council of the Je certifie que le document qui precede est une copie conforme d'un decret du lieutenant-gouverneur en conseil Province of New Brunswick, made on the 17 December 2020. de la province du Nouveau-Brunswick, pris le Secrgtary to Cabinet / Secretaire du Cabinet /eha 6r )0[4/y-",https://ijf-next-frontend-git-apt-ijf.vercel.app/appointments/fb340e0c6c362e1172dc226ef39eff51
Bert Cyr,Vice-Chair,Education and Early Childhood Development,,nb,2020-12-17,2020-12-17,,3 years,,,False,OIC2020-268E,apt/nb/apt-nb-0ad855f776508f3a9e07a3e84421a01d-OIC2020-268E*2020-12-17*Education_and_Early_Childhood_Development-2025-01-27T18:22:47,"268 DECEMBER 17, 2020 2020-268 1. Under subsection 31(1) of the Education Act and paragraph 21 (1 )(a) and subsection 21(4) of New Brunswick Regulation 2004-8, the Teacher Certification Regulation under the Education Act, the Lieutenant Governor in Council reappoints Johanne Theriault, Bathurst, New Brunswick, as Chair of the Appeal Board on Teacher Certification, for a term of three years, effective December 17, 2020. 2. Under subsection 31(1) of the Education Act and paragraph 21 (1 )(b) and subsection 21 (4) of New Brunswick Regulation 2004-8, the Teacher Certification Regulation under the Education Act, the Lieutenant Governor in Council appoints the following persons as Vice-Chairs of the Appeal Board on Teacher Certification, for a term of three years, effective December 17, 2020: (a) Bert Cyr, Dieppe, New Brunswick, representing the English language; and (b) Andree Poitras, Grand Falls, New Brunswick, representing the French language. 3. Under subsection 31 (1) of the Education Act and paragraph 21 (1 )(c) and subsection 21(4) of New Brunswick Regulation 2004-8, the Teacher Certification Regulation under the Education Act, the Lieutenant Governor in Council appoints the following persons as members of the Appeal Board on Teacher Certification, for a term of three years, effective December 17, 2020: (a) Cheryl Richardson, Miramichi, New Brunswick; (b) Ellen Culbert, Woodstock, New Brunswick; and (c) Laurie Laforge, Grand Falls, New Brunswick. 268 -2 4. Under subsection 31 (1) of the Education Act and paragraph 21(1)(d) and subsection 21(4) of New Brunswick Regulation 2004-8, the Teacher Certification Regulation under the Education Act, the Lieutenant Governor in Council appoints the following persons as members of the Appeal Board on Teacher Certification, for a term of three years, effective December 17, 2020: (a) Caroline Cormier, Saint John, New Brunswick; (b) Denis-Andre Ward, Caraquet, New Brunswick; and (c) Mylene Broquet, Quispamsis, New Brunswick. 5. Under subsection 31 (1) of the Education Act, subsection 21 (4) and paragraph 21(1)(e) of New Brunswick Regulation 2004-8, the Teacher Certification Regulation under the Education Act, the Lieutenant-Governor in Council appoints Thomas Geburt, Oromocto, New Brunswick as a member of the Appeal Board on Teacher Certification to represent the public, for a term of three years, effective December 17, 2020: 6. Under subsection 31(1) of the Education Act and subsection 21 (4) and paragraph 21 (1 )(f) of New Brunswick Regulation 2004-8, the Teacher Certification Regulation under the Education Act, the Lieutenant Governor in Council reappoints the following persons as members of the Appeal Board on Teacher Certification to represent the public, for a term of three years, effective December 17, 2020: (a) Steeve Savoie, Kedgwick, New Brunswick; and (b) Michel Cote, Dieppe, New Brunswick. Ppr,, Brenda L. Murphy Lieutenant-Governor This is to certify that the foregoing is a true copy of an Order of the Lieutenant-Governor in Council of the Je certifie que le document qui precede est une copie conforme d'un decret du lieutenant-gouverneur en conseil Province of New Brunswick, made on the 17 December 2020. de la province du Nouveau-Brunswick, pris le Secrgtary to Cabinet / Secretaire du Cabinet /eha 6r )0[4/y-",https://ijf-next-frontend-git-apt-ijf.vercel.app/appointments/fb340e0c6c362e1172dc226ef39eff51
Charles Murray,Acting Ombud,Executive Council Office,,nb,2020-12-17,2021-01-01,,1 year,,,True,OIC2020-267E,apt/nb/apt-nb-6dafa58ba031bf6fbe100d6588902be0-OIC2020-267E*2020-12-17*Executive_Council_Office-2025-01-27T18:22:47,"267 DECEMBER 17, 2020 2020-267 Under subsection 4(1) of the Om bud Act and paragraph 21(1)(b) of the Interpretation Act, the Lieutenant-Governor in Council, on the recommendation of the Legislative Assembly, reappoints Charles Murray, Fredericton, New Brunswick, as Acting Ombud, effective January 1, 2021, for a term of up to one year. Brenda L. Murphy Lieutenant-Governor This is to certify that the foregoing is a true copy of an Order of the Lieutenant-Governor in Council of the Je certifie que le document qui precede est une copie conforme d'un decret du lieutenant-gouverneur en conseil Province of New Brunswick, made on the 17 December 2020. de la province du Nouveau-Brunswick, pris le Secret)y to Cabinet /Secretaire du Cabinet fun he ('@l,coca",https://ijf-next-frontend-git-apt-ijf.vercel.app/appointments/292825b9092577b0b5f987159fcd2e42
Cheryl Richardson,Member,Education and Early Childhood Development,,nb,2020-12-17,2020-12-17,,3 years,,,False,OIC2020-268E,apt/nb/apt-nb-0ad855f776508f3a9e07a3e84421a01d-OIC2020-268E*2020-12-17*Education_and_Early_Childhood_Development-2025-01-27T18:22:47,"268 DECEMBER 17, 2020 2020-268 1. Under subsection 31(1) of the Education Act and paragraph 21 (1 )(a) and subsection 21(4) of New Brunswick Regulation 2004-8, the Teacher Certification Regulation under the Education Act, the Lieutenant Governor in Council reappoints Johanne Theriault, Bathurst, New Brunswick, as Chair of the Appeal Board on Teacher Certification, for a term of three years, effective December 17, 2020. 2. Under subsection 31(1) of the Education Act and paragraph 21 (1 )(b) and subsection 21 (4) of New Brunswick Regulation 2004-8, the Teacher Certification Regulation under the Education Act, the Lieutenant Governor in Council appoints the following persons as Vice-Chairs of the Appeal Board on Teacher Certification, for a term of three years, effective December 17, 2020: (a) Bert Cyr, Dieppe, New Brunswick, representing the English language; and (b) Andree Poitras, Grand Falls, New Brunswick, representing the French language. 3. Under subsection 31 (1) of the Education Act and paragraph 21 (1 )(c) and subsection 21(4) of New Brunswick Regulation 2004-8, the Teacher Certification Regulation under the Education Act, the Lieutenant Governor in Council appoints the following persons as members of the Appeal Board on Teacher Certification, for a term of three years, effective December 17, 2020: (a) Cheryl Richardson, Miramichi, New Brunswick; (b) Ellen Culbert, Woodstock, New Brunswick; and (c) Laurie Laforge, Grand Falls, New Brunswick. 268 -2 4. Under subsection 31 (1) of the Education Act and paragraph 21(1)(d) and subsection 21(4) of New Brunswick Regulation 2004-8, the Teacher Certification Regulation under the Education Act, the Lieutenant Governor in Council appoints the following persons as members of the Appeal Board on Teacher Certification, for a term of three years, effective December 17, 2020: (a) Caroline Cormier, Saint John, New Brunswick; (b) Denis-Andre Ward, Caraquet, New Brunswick; and (c) Mylene Broquet, Quispamsis, New Brunswick. 5. Under subsection 31 (1) of the Education Act, subsection 21 (4) and paragraph 21(1)(e) of New Brunswick Regulation 2004-8, the Teacher Certification Regulation under the Education Act, the Lieutenant-Governor in Council appoints Thomas Geburt, Oromocto, New Brunswick as a member of the Appeal Board on Teacher Certification to represent the public, for a term of three years, effective December 17, 2020: 6. Under subsection 31(1) of the Education Act and subsection 21 (4) and paragraph 21 (1 )(f) of New Brunswick Regulation 2004-8, the Teacher Certification Regulation under the Education Act, the Lieutenant Governor in Council reappoints the following persons as members of the Appeal Board on Teacher Certification to represent the public, for a term of three years, effective December 17, 2020: (a) Steeve Savoie, Kedgwick, New Brunswick; and (b) Michel Cote, Dieppe, New Brunswick. Ppr,, Brenda L. Murphy Lieutenant-Governor This is to certify that the foregoing is a true copy of an Order of the Lieutenant-Governor in Council of the Je certifie que le document qui precede est une copie conforme d'un decret du lieutenant-gouverneur en conseil Province of New Brunswick, made on the 17 December 2020. de la province du Nouveau-Brunswick, pris le Secrgtary to Cabinet / Secretaire du Cabinet /eha 6r )0[4/y-",https://ijf-next-frontend-git-apt-ijf.vercel.app/appointments/977d3570eb26e2e5cb784f814d9e0ff4
Denis-Andre Ward,Member,Education and Early Childhood Development,,nb,2020-12-17,2020-12-17,,3 years,,,False,OIC2020-268E,apt/nb/apt-nb-0ad855f776508f3a9e07a3e84421a01d-OIC2020-268E*2020-12-17*Education_and_Early_Childhood_Development-2025-01-27T18:22:47,"268 DECEMBER 17, 2020 2020-268 1. Under subsection 31(1) of the Education Act and paragraph 21 (1 )(a) and subsection 21(4) of New Brunswick Regulation 2004-8, the Teacher Certification Regulation under the Education Act, the Lieutenant Governor in Council reappoints Johanne Theriault, Bathurst, New Brunswick, as Chair of the Appeal Board on Teacher Certification, for a term of three years, effective December 17, 2020. 2. Under subsection 31(1) of the Education Act and paragraph 21 (1 )(b) and subsection 21 (4) of New Brunswick Regulation 2004-8, the Teacher Certification Regulation under the Education Act, the Lieutenant Governor in Council appoints the following persons as Vice-Chairs of the Appeal Board on Teacher Certification, for a term of three years, effective December 17, 2020: (a) Bert Cyr, Dieppe, New Brunswick, representing the English language; and (b) Andree Poitras, Grand Falls, New Brunswick, representing the French language. 3. Under subsection 31 (1) of the Education Act and paragraph 21 (1 )(c) and subsection 21(4) of New Brunswick Regulation 2004-8, the Teacher Certification Regulation under the Education Act, the Lieutenant Governor in Council appoints the following persons as members of the Appeal Board on Teacher Certification, for a term of three years, effective December 17, 2020: (a) Cheryl Richardson, Miramichi, New Brunswick; (b) Ellen Culbert, Woodstock, New Brunswick; and (c) Laurie Laforge, Grand Falls, New Brunswick. 268 -2 4. Under subsection 31 (1) of the Education Act and paragraph 21(1)(d) and subsection 21(4) of New Brunswick Regulation 2004-8, the Teacher Certification Regulation under the Education Act, the Lieutenant Governor in Council appoints the following persons as members of the Appeal Board on Teacher Certification, for a term of three years, effective December 17, 2020: (a) Caroline Cormier, Saint John, New Brunswick; (b) Denis-Andre Ward, Caraquet, New Brunswick; and (c) Mylene Broquet, Quispamsis, New Brunswick. 5. Under subsection 31 (1) of the Education Act, subsection 21 (4) and paragraph 21(1)(e) of New Brunswick Regulation 2004-8, the Teacher Certification Regulation under the Education Act, the Lieutenant-Governor in Council appoints Thomas Geburt, Oromocto, New Brunswick as a member of the Appeal Board on Teacher Certification to represent the public, for a term of three years, effective December 17, 2020: 6. Under subsection 31(1) of the Education Act and subsection 21 (4) and paragraph 21 (1 )(f) of New Brunswick Regulation 2004-8, the Teacher Certification Regulation under the Education Act, the Lieutenant Governor in Council reappoints the following persons as members of the Appeal Board on Teacher Certification to represent the public, for a term of three years, effective December 17, 2020: (a) Steeve Savoie, Kedgwick, New Brunswick; and (b) Michel Cote, Dieppe, New Brunswick. Ppr,, Brenda L. Murphy Lieutenant-Governor This is to certify that the foregoing is a true copy of an Order of the Lieutenant-Governor in Council of the Je certifie que le document qui precede est une copie conforme d'un decret du lieutenant-gouverneur en conseil Province of New Brunswick, made on the 17 December 2020. de la province du Nouveau-Brunswick, pris le Secrgtary to Cabinet / Secretaire du Cabinet /eha 6r )0[4/y-",https://ijf-next-frontend-git-apt-ijf.vercel.app/appointments/24e638060893bea724da5b9392e3eadb
Ellen Culbert,Member,Education and Early Childhood Development,,nb,2020-12-17,2020-12-17,,3 years,,,False,OIC2020-268E,apt/nb/apt-nb-0ad855f776508f3a9e07a3e84421a01d-OIC2020-268E*2020-12-17*Education_and_Early_Childhood_Development-2025-01-27T18:22:47,"268 DECEMBER 17, 2020 2020-268 1. Under subsection 31(1) of the Education Act and paragraph 21 (1 )(a) and subsection 21(4) of New Brunswick Regulation 2004-8, the Teacher Certification Regulation under the Education Act, the Lieutenant Governor in Council reappoints Johanne Theriault, Bathurst, New Brunswick, as Chair of the Appeal Board on Teacher Certification, for a term of three years, effective December 17, 2020. 2. Under subsection 31(1) of the Education Act and paragraph 21 (1 )(b) and subsection 21 (4) of New Brunswick Regulation 2004-8, the Teacher Certification Regulation under the Education Act, the Lieutenant Governor in Council appoints the following persons as Vice-Chairs of the Appeal Board on Teacher Certification, for a term of three years, effective December 17, 2020: (a) Bert Cyr, Dieppe, New Brunswick, representing the English language; and (b) Andree Poitras, Grand Falls, New Brunswick, representing the French language. 3. Under subsection 31 (1) of the Education Act and paragraph 21 (1 )(c) and subsection 21(4) of New Brunswick Regulation 2004-8, the Teacher Certification Regulation under the Education Act, the Lieutenant Governor in Council appoints the following persons as members of the Appeal Board on Teacher Certification, for a term of three years, effective December 17, 2020: (a) Cheryl Richardson, Miramichi, New Brunswick; (b) Ellen Culbert, Woodstock, New Brunswick; and (c) Laurie Laforge, Grand Falls, New Brunswick. 268 -2 4. Under subsection 31 (1) of the Education Act and paragraph 21(1)(d) and subsection 21(4) of New Brunswick Regulation 2004-8, the Teacher Certification Regulation under the Education Act, the Lieutenant Governor in Council appoints the following persons as members of the Appeal Board on Teacher Certification, for a term of three years, effective December 17, 2020: (a) Caroline Cormier, Saint John, New Brunswick; (b) Denis-Andre Ward, Caraquet, New Brunswick; and (c) Mylene Broquet, Quispamsis, New Brunswick. 5. Under subsection 31 (1) of the Education Act, subsection 21 (4) and paragraph 21(1)(e) of New Brunswick Regulation 2004-8, the Teacher Certification Regulation under the Education Act, the Lieutenant-Governor in Council appoints Thomas Geburt, Oromocto, New Brunswick as a member of the Appeal Board on Teacher Certification to represent the public, for a term of three years, effective December 17, 2020: 6. Under subsection 31(1) of the Education Act and subsection 21 (4) and paragraph 21 (1 )(f) of New Brunswick Regulation 2004-8, the Teacher Certification Regulation under the Education Act, the Lieutenant Governor in Council reappoints the following persons as members of the Appeal Board on Teacher Certification to represent the public, for a term of three years, effective December 17, 2020: (a) Steeve Savoie, Kedgwick, New Brunswick; and (b) Michel Cote, Dieppe, New Brunswick. Ppr,, Brenda L. Murphy Lieutenant-Governor This is to certify that the foregoing is a true copy of an Order of the Lieutenant-Governor in Council of the Je certifie que le document qui precede est une copie conforme d'un decret du lieutenant-gouverneur en conseil Province of New Brunswick, made on the 17 December 2020. de la province du Nouveau-Brunswick, pris le Secrgtary to Cabinet / Secretaire du Cabinet /eha 6r )0[4/y-",https://ijf-next-frontend-git-apt-ijf.vercel.app/appointments/671d3be127b41db38bbc26ba88acaed4
Johanne Theriault,Chair,Education and Early Childhood Development,,nb,2020-12-17,2020-12-17,,3 years,,,True,OIC2020-268E,apt/nb/apt-nb-0ad855f776508f3a9e07a3e84421a01d-OIC2020-268E*2020-12-17*Education_and_Early_Childhood_Development-2025-01-27T18:22:47,"268 DECEMBER 17, 2020 2020-268 1. Under subsection 31(1) of the Education Act and paragraph 21 (1 )(a) and subsection 21(4) of New Brunswick Regulation 2004-8, the Teacher Certification Regulation under the Education Act, the Lieutenant Governor in Council reappoints Johanne Theriault, Bathurst, New Brunswick, as Chair of the Appeal Board on Teacher Certification, for a term of three years, effective December 17, 2020. 2. Under subsection 31(1) of the Education Act and paragraph 21 (1 )(b) and subsection 21 (4) of New Brunswick Regulation 2004-8, the Teacher Certification Regulation under the Education Act, the Lieutenant Governor in Council appoints the following persons as Vice-Chairs of the Appeal Board on Teacher Certification, for a term of three years, effective December 17, 2020: (a) Bert Cyr, Dieppe, New Brunswick, representing the English language; and (b) Andree Poitras, Grand Falls, New Brunswick, representing the French language. 3. Under subsection 31 (1) of the Education Act and paragraph 21 (1 )(c) and subsection 21(4) of New Brunswick Regulation 2004-8, the Teacher Certification Regulation under the Education Act, the Lieutenant Governor in Council appoints the following persons as members of the Appeal Board on Teacher Certification, for a term of three years, effective December 17, 2020: (a) Cheryl Richardson, Miramichi, New Brunswick; (b) Ellen Culbert, Woodstock, New Brunswick; and (c) Laurie Laforge, Grand Falls, New Brunswick. 268 -2 4. Under subsection 31 (1) of the Education Act and paragraph 21(1)(d) and subsection 21(4) of New Brunswick Regulation 2004-8, the Teacher Certification Regulation under the Education Act, the Lieutenant Governor in Council appoints the following persons as members of the Appeal Board on Teacher Certification, for a term of three years, effective December 17, 2020: (a) Caroline Cormier, Saint John, New Brunswick; (b) Denis-Andre Ward, Caraquet, New Brunswick; and (c) Mylene Broquet, Quispamsis, New Brunswick. 5. Under subsection 31 (1) of the Education Act, subsection 21 (4) and paragraph 21(1)(e) of New Brunswick Regulation 2004-8, the Teacher Certification Regulation under the Education Act, the Lieutenant-Governor in Council appoints Thomas Geburt, Oromocto, New Brunswick as a member of the Appeal Board on Teacher Certification to represent the public, for a term of three years, effective December 17, 2020: 6. Under subsection 31(1) of the Education Act and subsection 21 (4) and paragraph 21 (1 )(f) of New Brunswick Regulation 2004-8, the Teacher Certification Regulation under the Education Act, the Lieutenant Governor in Council reappoints the following persons as members of the Appeal Board on Teacher Certification to represent the public, for a term of three years, effective December 17, 2020: (a) Steeve Savoie, Kedgwick, New Brunswick; and (b) Michel Cote, Dieppe, New Brunswick. Ppr,, Brenda L. Murphy Lieutenant-Governor This is to certify that the foregoing is a true copy of an Order of the Lieutenant-Governor in Council of the Je certifie que le document qui precede est une copie conforme d'un decret du lieutenant-gouverneur en conseil Province of New Brunswick, made on the 17 December 2020. de la province du Nouveau-Brunswick, pris le Secrgtary to Cabinet / Secretaire du Cabinet /eha 6r )0[4/y-",https://ijf-next-frontend-git-apt-ijf.vercel.app/appointments/9c5e5b6d6185918856da07a2b0392d9d
Laurie Laforge,Member,Education and Early Childhood Development,,nb,2020-12-17,2020-12-17,,3 years,,,False,OIC2020-268E,apt/nb/apt-nb-0ad855f776508f3a9e07a3e84421a01d-OIC2020-268E*2020-12-17*Education_and_Early_Childhood_Development-2025-01-27T18:22:47,"268 DECEMBER 17, 2020 2020-268 1. Under subsection 31(1) of the Education Act and paragraph 21 (1 )(a) and subsection 21(4) of New Brunswick Regulation 2004-8, the Teacher Certification Regulation under the Education Act, the Lieutenant Governor in Council reappoints Johanne Theriault, Bathurst, New Brunswick, as Chair of the Appeal Board on Teacher Certification, for a term of three years, effective December 17, 2020. 2. Under subsection 31(1) of the Education Act and paragraph 21 (1 )(b) and subsection 21 (4) of New Brunswick Regulation 2004-8, the Teacher Certification Regulation under the Education Act, the Lieutenant Governor in Council appoints the following persons as Vice-Chairs of the Appeal Board on Teacher Certification, for a term of three years, effective December 17, 2020: (a) Bert Cyr, Dieppe, New Brunswick, representing the English language; and (b) Andree Poitras, Grand Falls, New Brunswick, representing the French language. 3. Under subsection 31 (1) of the Education Act and paragraph 21 (1 )(c) and subsection 21(4) of New Brunswick Regulation 2004-8, the Teacher Certification Regulation under the Education Act, the Lieutenant Governor in Council appoints the following persons as members of the Appeal Board on Teacher Certification, for a term of three years, effective December 17, 2020: (a) Cheryl Richardson, Miramichi, New Brunswick; (b) Ellen Culbert, Woodstock, New Brunswick; and (c) Laurie Laforge, Grand Falls, New Brunswick. 268 -2 4. Under subsection 31 (1) of the Education Act and paragraph 21(1)(d) and subsection 21(4) of New Brunswick Regulation 2004-8, the Teacher Certification Regulation under the Education Act, the Lieutenant Governor in Council appoints the following persons as members of the Appeal Board on Teacher Certification, for a term of three years, effective December 17, 2020: (a) Caroline Cormier, Saint John, New Brunswick; (b) Denis-Andre Ward, Caraquet, New Brunswick; and (c) Mylene Broquet, Quispamsis, New Brunswick. 5. Under subsection 31 (1) of the Education Act, subsection 21 (4) and paragraph 21(1)(e) of New Brunswick Regulation 2004-8, the Teacher Certification Regulation under the Education Act, the Lieutenant-Governor in Council appoints Thomas Geburt, Oromocto, New Brunswick as a member of the Appeal Board on Teacher Certification to represent the public, for a term of three years, effective December 17, 2020: 6. Under subsection 31(1) of the Education Act and subsection 21 (4) and paragraph 21 (1 )(f) of New Brunswick Regulation 2004-8, the Teacher Certification Regulation under the Education Act, the Lieutenant Governor in Council reappoints the following persons as members of the Appeal Board on Teacher Certification to represent the public, for a term of three years, effective December 17, 2020: (a) Steeve Savoie, Kedgwick, New Brunswick; and (b) Michel Cote, Dieppe, New Brunswick. Ppr,, Brenda L. Murphy Lieutenant-Governor This is to certify that the foregoing is a true copy of an Order of the Lieutenant-Governor in Council of the Je certifie que le document qui precede est une copie conforme d'un decret du lieutenant-gouverneur en conseil Province of New Brunswick, made on the 17 December 2020. de la province du Nouveau-Brunswick, pris le Secrgtary to Cabinet / Secretaire du Cabinet /eha 6r )0[4/y-",https://ijf-next-frontend-git-apt-ijf.vercel.app/appointments/adb66a186b38a22d926de28ae8491cf0
Michel Cote,Member,Education and Early Childhood Development,,nb,2020-12-17,2020-12-17,,3 years,,,True,OIC2020-268E,apt/nb/apt-nb-0ad855f776508f3a9e07a3e84421a01d-OIC2020-268E*2020-12-17*Education_and_Early_Childhood_Development-2025-01-27T18:22:47,"268 DECEMBER 17, 2020 2020-268 1. Under subsection 31(1) of the Education Act and paragraph 21 (1 )(a) and subsection 21(4) of New Brunswick Regulation 2004-8, the Teacher Certification Regulation under the Education Act, the Lieutenant Governor in Council reappoints Johanne Theriault, Bathurst, New Brunswick, as Chair of the Appeal Board on Teacher Certification, for a term of three years, effective December 17, 2020. 2. Under subsection 31(1) of the Education Act and paragraph 21 (1 )(b) and subsection 21 (4) of New Brunswick Regulation 2004-8, the Teacher Certification Regulation under the Education Act, the Lieutenant Governor in Council appoints the following persons as Vice-Chairs of the Appeal Board on Teacher Certification, for a term of three years, effective December 17, 2020: (a) Bert Cyr, Dieppe, New Brunswick, representing the English language; and (b) Andree Poitras, Grand Falls, New Brunswick, representing the French language. 3. Under subsection 31 (1) of the Education Act and paragraph 21 (1 )(c) and subsection 21(4) of New Brunswick Regulation 2004-8, the Teacher Certification Regulation under the Education Act, the Lieutenant Governor in Council appoints the following persons as members of the Appeal Board on Teacher Certification, for a term of three years, effective December 17, 2020: (a) Cheryl Richardson, Miramichi, New Brunswick; (b) Ellen Culbert, Woodstock, New Brunswick; and (c) Laurie Laforge, Grand Falls, New Brunswick. 268 -2 4. Under subsection 31 (1) of the Education Act and paragraph 21(1)(d) and subsection 21(4) of New Brunswick Regulation 2004-8, the Teacher Certification Regulation under the Education Act, the Lieutenant Governor in Council appoints the following persons as members of the Appeal Board on Teacher Certification, for a term of three years, effective December 17, 2020: (a) Caroline Cormier, Saint John, New Brunswick; (b) Denis-Andre Ward, Caraquet, New Brunswick; and (c) Mylene Broquet, Quispamsis, New Brunswick. 5. Under subsection 31 (1) of the Education Act, subsection 21 (4) and paragraph 21(1)(e) of New Brunswick Regulation 2004-8, the Teacher Certification Regulation under the Education Act, the Lieutenant-Governor in Council appoints Thomas Geburt, Oromocto, New Brunswick as a member of the Appeal Board on Teacher Certification to represent the public, for a term of three years, effective December 17, 2020: 6. Under subsection 31(1) of the Education Act and subsection 21 (4) and paragraph 21 (1 )(f) of New Brunswick Regulation 2004-8, the Teacher Certification Regulation under the Education Act, the Lieutenant Governor in Council reappoints the following persons as members of the Appeal Board on Teacher Certification to represent the public, for a term of three years, effective December 17, 2020: (a) Steeve Savoie, Kedgwick, New Brunswick; and (b) Michel Cote, Dieppe, New Brunswick. Ppr,, Brenda L. Murphy Lieutenant-Governor This is to certify that the foregoing is a true copy of an Order of the Lieutenant-Governor in Council of the Je certifie que le document qui precede est une copie conforme d'un decret du lieutenant-gouverneur en conseil Province of New Brunswick, made on the 17 December 2020. de la province du Nouveau-Brunswick, pris le Secrgtary to Cabinet / Secretaire du Cabinet /eha 6r )0[4/y-",https://ijf-next-frontend-git-apt-ijf.vercel.app/appointments/88327c907a8dfb70b380bd3509db209e
Michel Cote,Member,Education and Early Childhood Development,,nb,2020-12-17,2020-12-17,,3 years,,,True,OIC2020-268E,apt/nb/apt-nb-0ad855f776508f3a9e07a3e84421a01d-OIC2020-268E*2020-12-17*Education_and_Early_Childhood_Development-2025-01-27T18:22:47,"268 DECEMBER 17, 2020 2020-268 1. Under subsection 31(1) of the Education Act and paragraph 21 (1 )(a) and subsection 21(4) of New Brunswick Regulation 2004-8, the Teacher Certification Regulation under the Education Act, the Lieutenant Governor in Council reappoints Johanne Theriault, Bathurst, New Brunswick, as Chair of the Appeal Board on Teacher Certification, for a term of three years, effective December 17, 2020. 2. Under subsection 31(1) of the Education Act and paragraph 21 (1 )(b) and subsection 21 (4) of New Brunswick Regulation 2004-8, the Teacher Certification Regulation under the Education Act, the Lieutenant Governor in Council appoints the following persons as Vice-Chairs of the Appeal Board on Teacher Certification, for a term of three years, effective December 17, 2020: (a) Bert Cyr, Dieppe, New Brunswick, representing the English language; and (b) Andree Poitras, Grand Falls, New Brunswick, representing the French language. 3. Under subsection 31 (1) of the Education Act and paragraph 21 (1 )(c) and subsection 21(4) of New Brunswick Regulation 2004-8, the Teacher Certification Regulation under the Education Act, the Lieutenant Governor in Council appoints the following persons as members of the Appeal Board on Teacher Certification, for a term of three years, effective December 17, 2020: (a) Cheryl Richardson, Miramichi, New Brunswick; (b) Ellen Culbert, Woodstock, New Brunswick; and (c) Laurie Laforge, Grand Falls, New Brunswick. 268 -2 4. Under subsection 31 (1) of the Education Act and paragraph 21(1)(d) and subsection 21(4) of New Brunswick Regulation 2004-8, the Teacher Certification Regulation under the Education Act, the Lieutenant Governor in Council appoints the following persons as members of the Appeal Board on Teacher Certification, for a term of three years, effective December 17, 2020: (a) Caroline Cormier, Saint John, New Brunswick; (b) Denis-Andre Ward, Caraquet, New Brunswick; and (c) Mylene Broquet, Quispamsis, New Brunswick. 5. Under subsection 31 (1) of the Education Act, subsection 21 (4) and paragraph 21(1)(e) of New Brunswick Regulation 2004-8, the Teacher Certification Regulation under the Education Act, the Lieutenant-Governor in Council appoints Thomas Geburt, Oromocto, New Brunswick as a member of the Appeal Board on Teacher Certification to represent the public, for a term of three years, effective December 17, 2020: 6. Under subsection 31(1) of the Education Act and subsection 21 (4) and paragraph 21 (1 )(f) of New Brunswick Regulation 2004-8, the Teacher Certification Regulation under the Education Act, the Lieutenant Governor in Council reappoints the following persons as members of the Appeal Board on Teacher Certification to represent the public, for a term of three years, effective December 17, 2020: (a) Steeve Savoie, Kedgwick, New Brunswick; and (b) Michel Cote, Dieppe, New Brunswick. Ppr,, Brenda L. Murphy Lieutenant-Governor This is to certify that the foregoing is a true copy of an Order of the Lieutenant-Governor in Council of the Je certifie que le document qui precede est une copie conforme d'un decret du lieutenant-gouverneur en conseil Province of New Brunswick, made on the 17 December 2020. de la province du Nouveau-Brunswick, pris le Secrgtary to Cabinet / Secretaire du Cabinet /eha 6r )0[4/y-",https://ijf-next-frontend-git-apt-ijf.vercel.app/appointments/88327c907a8dfb70b380bd3509db209e
Steeve Savoie,Member,Education and Early Childhood Development,,nb,2020-12-17,2020-12-17,,3 years,,,True,OIC2020-268E,apt/nb/apt-nb-0ad855f776508f3a9e07a3e84421a01d-OIC2020-268E*2020-12-17*Education_and_Early_Childhood_Development-2025-01-27T18:22:47,"268 DECEMBER 17, 2020 2020-268 1. Under subsection 31(1) of the Education Act and paragraph 21 (1 )(a) and subsection 21(4) of New Brunswick Regulation 2004-8, the Teacher Certification Regulation under the Education Act, the Lieutenant Governor in Council reappoints Johanne Theriault, Bathurst, New Brunswick, as Chair of the Appeal Board on Teacher Certification, for a term of three years, effective December 17, 2020. 2. Under subsection 31(1) of the Education Act and paragraph 21 (1 )(b) and subsection 21 (4) of New Brunswick Regulation 2004-8, the Teacher Certification Regulation under the Education Act, the Lieutenant Governor in Council appoints the following persons as Vice-Chairs of the Appeal Board on Teacher Certification, for a term of three years, effective December 17, 2020: (a) Bert Cyr, Dieppe, New Brunswick, representing the English language; and (b) Andree Poitras, Grand Falls, New Brunswick, representing the French language. 3. Under subsection 31 (1) of the Education Act and paragraph 21 (1 )(c) and subsection 21(4) of New Brunswick Regulation 2004-8, the Teacher Certification Regulation under the Education Act, the Lieutenant Governor in Council appoints the following persons as members of the Appeal Board on Teacher Certification, for a term of three years, effective December 17, 2020: (a) Cheryl Richardson, Miramichi, New Brunswick; (b) Ellen Culbert, Woodstock, New Brunswick; and (c) Laurie Laforge, Grand Falls, New Brunswick. 268 -2 4. Under subsection 31 (1) of the Education Act and paragraph 21(1)(d) and subsection 21(4) of New Brunswick Regulation 2004-8, the Teacher Certification Regulation under the Education Act, the Lieutenant Governor in Council appoints the following persons as members of the Appeal Board on Teacher Certification, for a term of three years, effective December 17, 2020: (a) Caroline Cormier, Saint John, New Brunswick; (b) Denis-Andre Ward, Caraquet, New Brunswick; and (c) Mylene Broquet, Quispamsis, New Brunswick. 5. Under subsection 31 (1) of the Education Act, subsection 21 (4) and paragraph 21(1)(e) of New Brunswick Regulation 2004-8, the Teacher Certification Regulation under the Education Act, the Lieutenant-Governor in Council appoints Thomas Geburt, Oromocto, New Brunswick as a member of the Appeal Board on Teacher Certification to represent the public, for a term of three years, effective December 17, 2020: 6. Under subsection 31(1) of the Education Act and subsection 21 (4) and paragraph 21 (1 )(f) of New Brunswick Regulation 2004-8, the Teacher Certification Regulation under the Education Act, the Lieutenant Governor in Council reappoints the following persons as members of the Appeal Board on Teacher Certification to represent the public, for a term of three years, effective December 17, 2020: (a) Steeve Savoie, Kedgwick, New Brunswick; and (b) Michel Cote, Dieppe, New Brunswick. Ppr,, Brenda L. Murphy Lieutenant-Governor This is to certify that the foregoing is a true copy of an Order of the Lieutenant-Governor in Council of the Je certifie que le document qui precede est une copie conforme d'un decret du lieutenant-gouverneur en conseil Province of New Brunswick, made on the 17 December 2020. de la province du Nouveau-Brunswick, pris le Secrgtary to Cabinet / Secretaire du Cabinet /eha 6r )0[4/y-",https://ijf-next-frontend-git-apt-ijf.vercel.app/appointments/e0a6e396fd186694fd8badb00e62260b
Thomas Geburt,Member,Education and Early Childhood Development,,nb,2020-12-17,2020-12-17,,3 years,,,False,OIC2020-268E,apt/nb/apt-nb-0ad855f776508f3a9e07a3e84421a01d-OIC2020-268E*2020-12-17*Education_and_Early_Childhood_Development-2025-01-27T18:22:47,"268 DECEMBER 17, 2020 2020-268 1. Under subsection 31(1) of the Education Act and paragraph 21 (1 )(a) and subsection 21(4) of New Brunswick Regulation 2004-8, the Teacher Certification Regulation under the Education Act, the Lieutenant Governor in Council reappoints Johanne Theriault, Bathurst, New Brunswick, as Chair of the Appeal Board on Teacher Certification, for a term of three years, effective December 17, 2020. 2. Under subsection 31(1) of the Education Act and paragraph 21 (1 )(b) and subsection 21 (4) of New Brunswick Regulation 2004-8, the Teacher Certification Regulation under the Education Act, the Lieutenant Governor in Council appoints the following persons as Vice-Chairs of the Appeal Board on Teacher Certification, for a term of three years, effective December 17, 2020: (a) Bert Cyr, Dieppe, New Brunswick, representing the English language; and (b) Andree Poitras, Grand Falls, New Brunswick, representing the French language. 3. Under subsection 31 (1) of the Education Act and paragraph 21 (1 )(c) and subsection 21(4) of New Brunswick Regulation 2004-8, the Teacher Certification Regulation under the Education Act, the Lieutenant Governor in Council appoints the following persons as members of the Appeal Board on Teacher Certification, for a term of three years, effective December 17, 2020: (a) Cheryl Richardson, Miramichi, New Brunswick; (b) Ellen Culbert, Woodstock, New Brunswick; and (c) Laurie Laforge, Grand Falls, New Brunswick. 268 -2 4. Under subsection 31 (1) of the Education Act and paragraph 21(1)(d) and subsection 21(4) of New Brunswick Regulation 2004-8, the Teacher Certification Regulation under the Education Act, the Lieutenant Governor in Council appoints the following persons as members of the Appeal Board on Teacher Certification, for a term of three years, effective December 17, 2020: (a) Caroline Cormier, Saint John, New Brunswick; (b) Denis-Andre Ward, Caraquet, New Brunswick; and (c) Mylene Broquet, Quispamsis, New Brunswick. 5. Under subsection 31 (1) of the Education Act, subsection 21 (4) and paragraph 21(1)(e) of New Brunswick Regulation 2004-8, the Teacher Certification Regulation under the Education Act, the Lieutenant-Governor in Council appoints Thomas Geburt, Oromocto, New Brunswick as a member of the Appeal Board on Teacher Certification to represent the public, for a term of three years, effective December 17, 2020: 6. Under subsection 31(1) of the Education Act and subsection 21 (4) and paragraph 21 (1 )(f) of New Brunswick Regulation 2004-8, the Teacher Certification Regulation under the Education Act, the Lieutenant Governor in Council reappoints the following persons as members of the Appeal Board on Teacher Certification to represent the public, for a term of three years, effective December 17, 2020: (a) Steeve Savoie, Kedgwick, New Brunswick; and (b) Michel Cote, Dieppe, New Brunswick. Ppr,, Brenda L. Murphy Lieutenant-Governor This is to certify that the foregoing is a true copy of an Order of the Lieutenant-Governor in Council of the Je certifie que le document qui precede est une copie conforme d'un decret du lieutenant-gouverneur en conseil Province of New Brunswick, made on the 17 December 2020. de la province du Nouveau-Brunswick, pris le Secrgtary to Cabinet / Secretaire du Cabinet /eha 6r )0[4/y-",https://ijf-next-frontend-git-apt-ijf.vercel.app/appointments/08e36f56278acee02bd6d503c3204fa8
Angela Breau Caissie,member,Environment and Local Government,,nb,2020-12-22,2020-12-22,,3 years,,,False,OIC2020-274E,apt/nb/apt-nb-dbf9dfb6a95dc8cbbc8a353df0874c6e-OIC2020-274E*2020-12-22*Environment_and_Local_Government-2025-01-27T18:22:47,"274 DECEMBER 22, 2020 2020-274 1. Under paragraph 2(1 )(b) and subsection 3(3) of the Assessment and Planning Appeal Board Act, the Lieutenant-Governor in Council appoints the following persons as members of the Assessment and Planning Appeal Board, for a term of three years, effective December 22, 2020: (a) Angela Breau Caissie, Cocagne, New Brunswick, from Region 2;and (b) Eric Falkjar, Saint John, New Brunswick, from Region 6. 2. Under subsections 3(3) and 9(1) of the Assessment and Planning Appeal Board Act, the Lieutenant-Governor in Council appoints L. Graeme MacKinnon, Hampton, New Brunswick, as an alternate member of the Assessment and Planning Appeal Board, from Region 7, for a term of three years, effective December 22, 2020. 3. Under subsections 3(3) and 9(1) of the Assessment and Planning Appeal Board Act and section 26 of the Interpretation Act, the Lieutenant-Governor in Council revokes paragraph 2(a) of Order in Council 2020-183 dated August 12, 2020. -}p Brenda L. Murphy Lieutenant-Governor This is to certify that the foregoing is a true copy of an Order of the Lieutenant-Governor in Council of the Je certifie que le document qui precede est une copie conforme d'un decret du lieutenant-gouverneur en conseil Province of New Brunswick, made on the 22 December 2020. de la province du Nouveau-Brunswick, pris le Secretaryt o Cabinet / Secretai)re7 dun Cabinoet re oipwn",https://ijf-next-frontend-git-apt-ijf.vercel.app/appointments/3268afc9ae2dda2f4cf6de8a3ed811e7
Daniel Allain,Minister of Local Government and Local Governance Reform,Executive Council Office,,nb,2020-12-22,2020-10-01,,,,,False,OIC2020-284E,apt/nb/apt-nb-1c32a1110f8221de36b3e6be26531d1f-OIC2020-284E*2020-12-22*Executive_Council_Office-2025-01-27T18:22:47,"284 DECEMBER 22, 2020 2020-284 Under section 2 of the Executive Council Act, the Lieutenant Governor appoints under the Great Seal of the Province, from among the members of the Executive Council, the following Ministers who shall hold office during pleasure, effective October 1, 2020: (a) The Honourable Hugh John Flemming, Q.C., Minister of Justice and Public Safety, who shall also be Attorney General; (b) The Honourable Gary Crossman, Minister of Environment and Climate Change; and (c) The Honourable Daniel Allain, Minister of Local Government and Local Governance Reform. (7.-r Brenda L. Murphy Lieutenant-Governor This is to certify that the foregoing is a true copy of an Order of the Lieutenant-Governor in Council of the Je certifie que le document qui precede est une copie conforme d'un decret du lieutenant-gouverneur en conseil Province of New Brunswick, made on the 22 December 2020. de la province du Nouveau-Brunswick, pris le Secretary to Cabinet / Secretair#e du C-ab)inet luei [ef n",https://ijf-next-frontend-git-apt-ijf.vercel.app/appointments/a38e2ae7aa8e6bb4fb5ca0065f766a25
Eric Falkjar,member,Environment and Local Government,,nb,2020-12-22,2020-12-22,,3 years,,,False,OIC2020-274E,apt/nb/apt-nb-dbf9dfb6a95dc8cbbc8a353df0874c6e-OIC2020-274E*2020-12-22*Environment_and_Local_Government-2025-01-27T18:22:47,"274 DECEMBER 22, 2020 2020-274 1. Under paragraph 2(1 )(b) and subsection 3(3) of the Assessment and Planning Appeal Board Act, the Lieutenant-Governor in Council appoints the following persons as members of the Assessment and Planning Appeal Board, for a term of three years, effective December 22, 2020: (a) Angela Breau Caissie, Cocagne, New Brunswick, from Region 2;and (b) Eric Falkjar, Saint John, New Brunswick, from Region 6. 2. Under subsections 3(3) and 9(1) of the Assessment and Planning Appeal Board Act, the Lieutenant-Governor in Council appoints L. Graeme MacKinnon, Hampton, New Brunswick, as an alternate member of the Assessment and Planning Appeal Board, from Region 7, for a term of three years, effective December 22, 2020. 3. Under subsections 3(3) and 9(1) of the Assessment and Planning Appeal Board Act and section 26 of the Interpretation Act, the Lieutenant-Governor in Council revokes paragraph 2(a) of Order in Council 2020-183 dated August 12, 2020. -}p Brenda L. Murphy Lieutenant-Governor This is to certify that the foregoing is a true copy of an Order of the Lieutenant-Governor in Council of the Je certifie que le document qui precede est une copie conforme d'un decret du lieutenant-gouverneur en conseil Province of New Brunswick, made on the 22 December 2020. de la province du Nouveau-Brunswick, pris le Secretaryt o Cabinet / Secretai)re7 dun Cabinoet re oipwn",https://ijf-next-frontend-git-apt-ijf.vercel.app/appointments/323f9e825a0dba26a275c305d6e0fc3d
Gary Crossman,Minister of Environment and Climate Change,Executive Council Office,,nb,2020-12-22,2020-10-01,,,,,False,OIC2020-284E,apt/nb/apt-nb-1c32a1110f8221de36b3e6be26531d1f-OIC2020-284E*2020-12-22*Executive_Council_Office-2025-01-27T18:22:47,"284 DECEMBER 22, 2020 2020-284 Under section 2 of the Executive Council Act, the Lieutenant Governor appoints under the Great Seal of the Province, from among the members of the Executive Council, the following Ministers who shall hold office during pleasure, effective October 1, 2020: (a) The Honourable Hugh John Flemming, Q.C., Minister of Justice and Public Safety, who shall also be Attorney General; (b) The Honourable Gary Crossman, Minister of Environment and Climate Change; and (c) The Honourable Daniel Allain, Minister of Local Government and Local Governance Reform. (7.-r Brenda L. Murphy Lieutenant-Governor This is to certify that the foregoing is a true copy of an Order of the Lieutenant-Governor in Council of the Je certifie que le document qui precede est une copie conforme d'un decret du lieutenant-gouverneur en conseil Province of New Brunswick, made on the 22 December 2020. de la province du Nouveau-Brunswick, pris le Secretary to Cabinet / Secretair#e du C-ab)inet luei [ef n",https://ijf-next-frontend-git-apt-ijf.vercel.app/appointments/fe3da8873bf5941bfaec88d26c15b892
Hugh John Flemming,"Minister of Justice and Public Safety, Attorney General",Executive Council Office,,nb,2020-12-22,2020-10-01,,,,,False,OIC2020-284E,apt/nb/apt-nb-1c32a1110f8221de36b3e6be26531d1f-OIC2020-284E*2020-12-22*Executive_Council_Office-2025-01-27T18:22:47,"284 DECEMBER 22, 2020 2020-284 Under section 2 of the Executive Council Act, the Lieutenant Governor appoints under the Great Seal of the Province, from among the members of the Executive Council, the following Ministers who shall hold office during pleasure, effective October 1, 2020: (a) The Honourable Hugh John Flemming, Q.C., Minister of Justice and Public Safety, who shall also be Attorney General; (b) The Honourable Gary Crossman, Minister of Environment and Climate Change; and (c) The Honourable Daniel Allain, Minister of Local Government and Local Governance Reform. (7.-r Brenda L. Murphy Lieutenant-Governor This is to certify that the foregoing is a true copy of an Order of the Lieutenant-Governor in Council of the Je certifie que le document qui precede est une copie conforme d'un decret du lieutenant-gouverneur en conseil Province of New Brunswick, made on the 22 December 2020. de la province du Nouveau-Brunswick, pris le Secretary to Cabinet / Secretair#e du C-ab)inet luei [ef n",https://ijf-next-frontend-git-apt-ijf.vercel.app/appointments/bfb82b19a3d4f8eb8eda6c7414dbba33
J.Nathalie Thibault,Vice-Chairperson,Post-Secondary Education Training and Labour,,nb,2020-12-22,2020-12-22,,3 years,,,True,OIC2020-271E,apt/nb/apt-nb-48814977b23a34a5dd0f3c988be9b3a8-OIC2020-271E*2020-12-22*Post-Secondary_Education_Training_and_Labour-2025-01-27T18:22:47,"271 DECEMBER 22, 2020 2020-271 Under subsections 20.1 (1) and 20.1 (3) of the Workplace Health, Safety and Compensation Commission and Workers' Compensation Appeals Tribunal Act, the Lieutenant-Governor in Council reappoints the following individuals as Vice-Chairpersons of the Workers' Compensation Appeals Tribunal, for a term of three years, effective December 22, 2020: (a) Johanne Theriault, Bathurst, New Brunswick; and (b) J.Nathalie Thibault, Quispamsis, New Brunswick. Brenda L. Murphy Lieutenant-Governor This is to certify that the foregoing is a true copy of an Order of the Lieutenant-Governor in Council of the Je certifie que le document qui precede est une copie conforme d'un decret du lieutenant-gouverneur en conseil Province of New Brunswick, made on the 22 December 2020. de la province du Nouveau-Brunswick, pris le Secretary to Cabinet / Secretaire du Cabinet {Pl«cce thoe. 1)-y°",https://ijf-next-frontend-git-apt-ijf.vercel.app/appointments/293f3a786cfa7d4c1eb7b8b579738b1f
Johanne Theriault,Vice-Chairperson,Post-Secondary Education Training and Labour,,nb,2020-12-22,2020-12-22,,3 years,,,True,OIC2020-271E,apt/nb/apt-nb-48814977b23a34a5dd0f3c988be9b3a8-OIC2020-271E*2020-12-22*Post-Secondary_Education_Training_and_Labour-2025-01-27T18:22:47,"271 DECEMBER 22, 2020 2020-271 Under subsections 20.1 (1) and 20.1 (3) of the Workplace Health, Safety and Compensation Commission and Workers' Compensation Appeals Tribunal Act, the Lieutenant-Governor in Council reappoints the following individuals as Vice-Chairpersons of the Workers' Compensation Appeals Tribunal, for a term of three years, effective December 22, 2020: (a) Johanne Theriault, Bathurst, New Brunswick; and (b) J.Nathalie Thibault, Quispamsis, New Brunswick. Brenda L. Murphy Lieutenant-Governor This is to certify that the foregoing is a true copy of an Order of the Lieutenant-Governor in Council of the Je certifie que le document qui precede est une copie conforme d'un decret du lieutenant-gouverneur en conseil Province of New Brunswick, made on the 22 December 2020. de la province du Nouveau-Brunswick, pris le Secretary to Cabinet / Secretaire du Cabinet {Pl«cce thoe. 1)-y°",https://ijf-next-frontend-git-apt-ijf.vercel.app/appointments/8100d1e111de089ee90101b0a642e9aa
L. Graeme MacKinnon,alternate member,Environment and Local Government,,nb,2020-12-22,2020-12-22,,3 years,,,False,OIC2020-274E,apt/nb/apt-nb-dbf9dfb6a95dc8cbbc8a353df0874c6e-OIC2020-274E*2020-12-22*Environment_and_Local_Government-2025-01-27T18:22:47,"274 DECEMBER 22, 2020 2020-274 1. Under paragraph 2(1 )(b) and subsection 3(3) of the Assessment and Planning Appeal Board Act, the Lieutenant-Governor in Council appoints the following persons as members of the Assessment and Planning Appeal Board, for a term of three years, effective December 22, 2020: (a) Angela Breau Caissie, Cocagne, New Brunswick, from Region 2;and (b) Eric Falkjar, Saint John, New Brunswick, from Region 6. 2. Under subsections 3(3) and 9(1) of the Assessment and Planning Appeal Board Act, the Lieutenant-Governor in Council appoints L. Graeme MacKinnon, Hampton, New Brunswick, as an alternate member of the Assessment and Planning Appeal Board, from Region 7, for a term of three years, effective December 22, 2020. 3. Under subsections 3(3) and 9(1) of the Assessment and Planning Appeal Board Act and section 26 of the Interpretation Act, the Lieutenant-Governor in Council revokes paragraph 2(a) of Order in Council 2020-183 dated August 12, 2020. -}p Brenda L. Murphy Lieutenant-Governor This is to certify that the foregoing is a true copy of an Order of the Lieutenant-Governor in Council of the Je certifie que le document qui precede est une copie conforme d'un decret du lieutenant-gouverneur en conseil Province of New Brunswick, made on the 22 December 2020. de la province du Nouveau-Brunswick, pris le Secretaryt o Cabinet / Secretai)re7 dun Cabinoet re oipwn",https://ijf-next-frontend-git-apt-ijf.vercel.app/appointments/0ad2857a1574e64b3e055382b9082cd7
Michele Ouellette,member,Office of the Premier,,nb,2020-12-22,2020-12-22,,2 years,,,True,OIC2020-273E,apt/nb/apt-nb-ae42a78cb812b28acd19790a9d2e4cae-OIC2020-273E*2020-12-22*Office_of_the_Premier-2025-01-27T18:22:47,"273 DECEMBER 22, 2020 2020-273 Under subsections 4(1 ), 4(2) and 4(4) of the Premier's Council on Disabilities Act, the Lieutenant-Governor in Council reappoints Michele Ouellette, Edmundston, New Brunswick, as a member of the Premier's Council on Disabilities, for a term of two years, effective December 22, 2020. Brenda L. Murphy Lieutenant-Governor This is to certify that the foregoing is a true copy of an Order of the Lieutenant-Governor in Council of the Je certifie que le document qui precede est une copie conforme d'un decret du lieutenant-gouverneur en conseil Province of New Brunswick, made on the de la province du Nouveau-Brunswick, pris le 22 December 2020. Secretary to Cabinet / Secretaire du Cabinet Hctceaa tun-23-ey>",https://ijf-next-frontend-git-apt-ijf.vercel.app/appointments/d514d6317c6f77925f0ea1b8d49e79ca
Tammy Lynn MacNeill,Student Member of the Board of Governors,Post-Secondary Education Training and Labour,,nb,2020-12-22,2020-12-17,,2 years,,,False,OIC2020-272E,apt/nb/apt-nb-c66680936434dc2b0dcac080f3218fe9-OIC2020-272E*2020-12-22*Post-Secondary_Education_Training_and_Labour-2025-01-27T18:22:47,"272 DECEMBER 22, 2020 2020-272 Under paragraph 9(3)(e) and subsection 11 (2) of the New Brunswick Community Colleges Act, the Lieutenant-Governor in Council appoints Tammy Lynn MacNeill, Bains Corner, New Brunswick, as the Student Member of the Board of Governors of the New Brunswick Community College, for a term of two years, effective December 17, 2020 Brenda L. Murphy Lieutenant-Governor This is to certify that the foregoing is a true copy of an Order of the Lieutenant-Governor in Council of the Je certifie que le document qui precede est une copie conforme d'un decret du lieutenant-gouverneur en conseil Province of New Brunswick, made on the 22 December 2020. de la province du Nouveau-Brunswick, pris le Secretary to Cabinet / Secretaire du Cabinet ltseeu.Goen-0f",https://ijf-next-frontend-git-apt-ijf.vercel.app/appointments/7f7162da2e24f46e2f928400f1aef20e
Yennah Hurley,"Deputy Minister of Tourism, Heritage and Culture",Executive Council Office,,nb,2020-12-22,2020-12-22,,,,,False,OIC2020-282E,apt/nb/apt-nb-b63218a1bbbe16d1aa28717df37f895a-OIC2020-282E*2020-12-22*Executive_Council_Office-2025-01-27T18:22:47,"282 DECEMBER 22, 2020 2020-282 1. Under section 3 of the Civil Service Act, the Lieutenant- Governor in Council appoints Yennah Hurley as Deputy Minister of Tourism, Heritage and Culture, effective December 22, 2020. 2. Under section 3 of the Civil Service Act and section 27 of the Interpretation Act, the Lieutenant-Governor in Council revokes section 1 of Order in Council 2020-16 dated January 16, 2020. Brenda L. Murphy Lieutenant-Governor This is to certify that the foregoing is a true copy of an Order of the Lieutenant-Governor in Council of the Je certifie que le document qui precede est une copie conforme d'un decret du lieutenant-gouverneur en conseil Province of New Brunswick, made on the 22 December 2020. de la province du Nouveau-Brunswick, pris le o,- Secretary to Cabinet / Secretnaire odu Cab,ine,t ft",https://ijf-next-frontend-git-apt-ijf.vercel.app/appointments/1ce6bedb26cdc414fe60ebee93bb76df
